20 2
12000 15000
1 16442 13203 18569 8675 1050
2 6660 4683 813 26844 610
3 16678 8781 18201 3693 610
4 1320 5667 1847 24817 670
5 296 18678 12371 26904 970
6 930 19987 2070 8410 897
7 23792 13155 7716 18550 452
8 1547 2629 12815 11701 1251
9 16078 28785 7549 12404 510
10 1192 28246 5902 10599 1012
11 6263 20714 9391 2898 1128
12 6566 13830 6221 20512 1381
13 20702 4061 10574 23542 1315
14 10503 19541 7377 28463 444
15 16558 29580 14819 10413 1043
16 4811 13144 6234 9259 1254
17 11346 11538 13896 22701 1317
18 11032 22613 475 12844 757
19 12399 28139 16297 13173 548
20 19453 8701 23286 23219 363
