200 5
12000 15000
1 9711 25858 15958 20804 915
2 8976 7888 2039 17989 161
3 633 1533 7484 23943 1422
4 20038 16258 3857 6543 1192
5 22424 15358 4145 12654 133
6 11810 1247 4037 23973 1089
7 1401 8145 15979 15048 577
8 12042 8759 4134 25949 1205
9 7038 27424 22483 24799 1410
10 11305 2490 16607 17713 305
11 13406 736 19469 8188 697
12 7126 6368 20914 13305 155
13 18534 3893 5784 20462 1116
14 2801 28984 340 10691 1009
15 11234 5625 18859 2187 147
16 16299 18016 5149 4018 845
17 22959 7316 15703 15452 171
18 1080 4599 23132 20092 503
19 12354 1308 18744 7061 589
20 23622 29421 5553 1083 967
21 8567 2224 12417 8787 1227
22 22262 5873 4014 9389 517
23 5636 29233 2485 6706 1356
24 15673 15149 5578 2291 49
25 20970 27011 1290 26616 795
26 13711 24766 8226 17491 262
27 14237 27783 10366 26749 460
28 11320 14041 17057 23891 256
29 23941 19814 20881 381 431
30 18817 3235 4367 24401 601
31 11267 4142 14562 3262 1083
32 23989 11853 15849 11190 1057
33 21853 26204 5704 29863 896
34 23657 12028 19147 9585 512
35 8815 868 19874 19777 1315
36 15175 19386 7279 23415 429
37 8783 7840 23681 13338 854
38 17619 1319 22122 8477 767
39 16905 620 13467 22563 254
40 16998 6519 17470 17068 719
41 22850 18378 15646 15125 969
42 13488 29611 23241 29732 1416
43 2416 16299 23717 13705 1276
44 15065 26837 21333 11316 779
45 22226 20589 14566 17419 170
46 2964 28438 15400 11945 957
47 8990 14441 1392 3974 659
48 23897 12452 23728 28919 558
49 14675 26732 7198 333 976
50 22471 5642 17715 26844 573
51 23677 10510 3143 3445 356
52 15116 9489 21338 28661 1196
53 16922 8595 8731 23547 1017
54 9942 21722 9684 7160 1192
55 1466 4183 10389 23760 1091
56 12883 16901 11009 17306 513
57 3814 7944 5148 19668 142
58 9641 12914 20009 28530 263
59 21861 14972 18839 21754 1129
60 18520 24333 15245 25217 473
61 18011 29972 23832 21004 1371
62 16307 21790 12186 20735 918
63 16975 2468 622 19227 826
64 14738 19137 14913 11128 1407
65 18522 18424 15285 13280 165
66 20226 6283 1276 28070 1210
67 11524 24067 23899 8885 621
68 17456 8100 4824 7023 668
69 21172 11060 22955 4960 110
70 14205 7094 6408 3685 646
71 23091 26148 14649 19749 692
72 19407 25146 23626 4803 1148
73 5014 2639 22977 12067 458
74 19153 22163 21621 1363 919
75 21496 22231 18390 27197 863
76 7133 6918 8709 18146 39
77 594 22450 18259 11356 1389
78 20312 13949 9911 6943 1376
79 18805 25223 20154 18498 1180
80 18615 4983 23145 14724 6
81 15599 15159 21392 20806 1109
82 1488 2666 21044 28116 1067
83 23353 26822 2332 21326 1331
84 11439 22268 10840 4111 223
85 16887 16725 13666 24765 731
86 12857 21880 16758 20743 544
87 7375 20177 3202 3784 316
88 7202 15062 16677 27285 434
89 20999 16969 2568 15744 17
90 11636 19923 16372 21433 307
91 4848 24720 1200 3228 1047
92 20574 27236 3084 9083 381
93 5936 11985 5055 3212 243
94 20962 5530 1728 22147 218
95 10371 19800 7934 2381 1408
96 12474 23738 19933 8531 337
97 1627 12076 8510 7766 695
98 11345 29425 10002 12983 847
99 18766 9336 19321 27716 804
100 1175 24501 4187 18493 638
101 23219 27816 22498 18148 657
102 2876 16583 14872 6307 1394
103 5385 2326 8507 29369 372
104 6636 15580 20277 15496 495
105 6971 26273 2667 87 326
106 3841 4639 6932 22598 795
107 10785 12695 3380 24586 1402
108 14036 25777 5040 29151 1007
109 16828 27441 14360 7286 517
110 4330 15309 15409 13579 824
111 13147 25357 7938 11922 137
112 3905 8855 2873 5512 1379
113 17413 18856 21791 7303 1215
114 21883 22728 8682 14668 1104
115 1024 28437 16153 161 1031
116 14018 4852 7951 6214 921
117 14873 4509 20993 4595 1381
118 5697 21674 20311 26456 1081
119 22109 16891 9564 12737 798
120 18213 27791 1794 6665 1037
121 14422 3100 15010 9548 1137
122 3533 16205 16665 17211 1214
123 13208 1584 2980 21061 1349
124 11964 21533 15283 23520 428
125 5233 27294 19337 24289 809
126 7609 29591 9320 26030 624
127 2382 3385 4709 3793 952
128 22314 448 11156 6576 341
129 10814 29633 5520 16303 547
130 10327 24533 13145 902 287
131 19245 4475 4262 22534 250
132 11264 28990 22152 2325 1176
133 9253 4928 8939 17691 289
134 4529 20093 1496 26700 844
135 7784 9513 23372 28227 1433
136 15192 27050 21169 22356 927
137 3062 13166 8310 21687 566
138 17255 3412 19130 13669 735
139 17671 14151 6526 3648 1325
140 17817 17771 13129 6641 1191
141 15124 8222 14269 4181 377
142 7124 15961 18781 2491 540
143 21752 14678 20551 17823 151
144 18794 3939 11327 23629 1425
145 5059 29862 11534 5524 325
146 1066 7018 5188 13904 210
147 10209 19806 17979 18924 298
148 17981 3228 3477 26469 568
149 5916 10167 20153 1954 724
150 2949 2471 4517 15342 211
151 22194 22676 20762 762 953
152 5856 5279 19167 21573 470
153 20712 8407 18804 11741 1151
154 1801 16439 17727 18764 1171
155 9755 7341 13364 22000 1019
156 20527 1978 20588 24512 1006
157 15601 26453 10628 3390 1158
158 3560 14426 6560 9578 848
159 6133 2352 14704 20975 114
160 9180 19477 3590 6257 12
161 18506 4117 10838 24480 707
162 9750 6347 9440 4456 893
163 18684 16348 16250 1444 1137
164 19988 23536 14670 26378 326
165 15906 5128 21557 21096 153
166 18164 17253 6059 18794 1024
167 3393 19916 5516 7986 481
168 1340 7913 1591 8752 429
169 13930 12151 13991 16186 23
170 4898 8203 6086 27978 532
171 8414 13108 20675 15519 307
172 13973 16187 14503 23687 625
173 14237 17856 15362 13475 791
174 18084 28329 19044 13786 1145
175 19689 4575 17796 20077 1109
176 18992 9082 18782 25119 764
177 681 10423 8102 19267 621
178 783 494 10049 3803 803
179 10107 14177 19921 11829 898
180 11136 24908 22081 10493 623
181 3401 11745 6493 6695 635
182 4156 21814 18413 26657 241
183 20903 11807 954 8386 121
184 5046 16864 16936 20315 293
185 1281 15444 13910 21798 1051
186 10654 7671 16325 11576 1416
187 19967 2027 10677 28277 1345
188 1927 23097 8402 27240 61
189 6645 1965 18823 12174 798
190 23212 19573 13159 6170 624
191 11580 21784 11920 13517 602
192 18865 5325 14607 7268 986
193 8863 6399 23757 2917 575
194 23522 29802 23105 21202 936
195 18348 7767 11932 28257 1277
196 12716 10099 15400 10346 625
197 21710 8436 18776 28958 89
198 23589 12782 10117 4620 390
199 4343 28794 12707 8268 211
200 20977 1958 4947 9718 501
