30 2
12000 15000
1 17360 7370 18503 27765 757
2 2634 11968 14031 17676 388
3 6071 9844 7573 13432 586
4 23292 17347 10535 24383 68
5 6110 20465 17293 4091 853
6 17340 1250 2918 29893 886
7 14187 19032 8802 18134 16
8 7506 1917 19829 7434 868
9 9883 22221 19084 6681 236
10 23708 23163 10857 11893 1227
11 2388 2024 9569 23544 397
12 20218 26032 13495 476 366
13 17574 23146 12569 25050 1198
14 8802 16462 11923 14674 1042
15 18637 7397 2482 3566 611
16 11560 15533 23618 27522 1188
17 16363 2778 12234 9271 503
18 10110 15995 13563 2618 29
19 83 2953 10806 1924 801
20 16433 8888 8074 25232 459
21 17282 16563 1104 4110 1040
22 4408 14662 23783 15036 622
23 3781 29955 12043 14000 632
24 6889 16951 624 12567 434
25 19301 3403 20511 23790 1272
26 16719 10754 16174 8021 1179
27 3397 23021 3938 21359 852
28 875 3082 1713 5214 1030
29 10299 12412 6116 434 1033
30 21275 26545 2007 3591 888
