50 5
12000 15000
1 12264 5788 15566 15213 103
2 10211 10020 5167 29283 473
3 10617 22136 5794 15983 1118
4 9246 10912 3591 9694 1096
5 12570 16886 20871 9152 1141
6 4362 13614 22319 25333 1157
7 1146 15512 9505 21504 795
8 22563 11295 11244 28398 1022
9 14108 18204 11761 21768 1216
10 14043 13733 12362 29786 1168
11 2212 530 2702 12123 436
12 17331 25272 9176 13859 473
13 4679 3294 14392 12361 378
14 13857 28392 20310 23748 397
15 2613 22816 7504 7042 973
16 18149 27660 11773 20593 950
17 10982 18072 6025 21769 497
18 19264 19821 8593 21168 397
19 22645 6732 22535 20263 1025
20 6823 9520 10165 16131 855
21 7568 5704 14817 10850 53
22 17071 16240 7030 13392 933
23 22372 968 14005 20113 423
24 16795 24967 17473 2656 615
25 19729 22538 2141 17594 91
26 22760 20394 23026 13455 795
27 2490 4220 1704 1337 818
28 12796 3555 21122 16464 1191
29 11100 17948 12141 22103 646
30 9094 18809 20299 29021 1154
31 9422 26063 23895 23479 596
32 11127 10483 5033 19845 1318
33 10493 2104 19653 4119 766
34 17169 25991 18896 15223 676
35 10577 15026 3543 181 1082
36 19094 15919 23463 10382 440
37 23664 12853 14912 17324 70
38 7264 20628 23619 7275 452
39 1368 5692 5337 13396 858
40 23761 9310 605 26056 604
41 13087 16652 5223 15312 814
42 13623 3422 13802 7659 658
43 15500 22301 20440 16472 310
44 12328 14679 4002 27693 936
45 7086 13725 14198 7816 453
46 19919 19760 20941 10143 462
47 18493 731 12128 24882 494
48 21114 25740 21202 12075 1087
49 16574 354 7670 17728 1290
50 13638 24750 13250 6422 677
