100 3
12000 15000
1 8059 19707 20738 7194 778
2 6957 21289 10334 25655 380
3 22668 16174 15180 14523 904
4 20284 20027 13092 27507 905
5 19243 6856 12686 23572 1191
6 3865 22432 12915 5381 838
7 2727 22553 7912 10573 174
8 21650 12766 20462 18232 1091
9 19711 6194 717 20783 811
10 7059 14871 9231 8968 767
11 22530 14281 7034 28554 1138
12 9231 7054 22263 3056 1074
13 13316 13863 5570 27895 1418
14 16103 25468 1161 2830 296
15 5107 16024 4948 4066 891
16 21337 5301 21955 5908 1212
17 13637 2120 12616 9157 1009
18 13407 17128 20287 23832 807
19 6483 18713 13507 22104 496
20 913 4550 12054 13389 1106
21 13246 7921 5622 10913 836
22 18496 2086 21726 29182 1191
23 20073 19363 5022 27276 386
24 2154 12053 3962 16830 975
25 21715 20746 8562 4312 157
26 1973 17055 19677 3532 594
27 20394 7130 20680 16183 1150
28 14730 12096 10871 25898 1185
29 11260 7664 11972 21520 941
30 3120 24506 22277 25472 1026
31 3648 11218 15842 23154 216
32 8066 21683 19931 14231 882
33 12271 20099 6717 29388 632
34 4556 16771 21870 20305 516
35 14284 12090 22996 28718 854
36 5721 12376 14630 7940 36
37 21453 20153 132 29515 583
38 18939 1134 19505 23783 1059
39 14426 22508 2850 14178 496
40 4078 27684 6105 9670 643
41 8431 19557 2259 13554 427
42 14847 7160 4938 12504 907
43 8018 21984 23891 8402 727
44 16956 23149 2814 23186 1434
45 4257 3203 4739 16239 545
46 15388 6884 15573 17902 1190
47 21965 2068 18022 1803 414
48 13769 15585 15102 18540 607
49 22591 28017 23993 15217 502
50 4726 29975 12898 12571 291
51 1768 5043 22080 12944 1264
52 15728 19640 22189 25816 492
53 2944 21437 15568 3382 467
54 20992 16580 6268 17552 415
55 23576 3072 3093 1881 462
56 1159 18044 3870 10764 34
57 1692 576 21552 28706 852
58 22785 23463 3663 15778 209
59 10162 11287 8824 18085 567
60 10832 1412 2342 20660 1001
61 20744 5758 12134 21382 760
62 13277 20449 8459 26784 1183
63 20816 26253 4990 15910 505
64 6665 2887 2557 19958 858
65 18174 16871 5446 13264 474
66 2756 8665 13772 2880 895
67 7405 2747 22605 8734 1111
68 21688 12115 2843 2227 623
69 11541 20574 10123 11902 304
70 21512 2333 8899 26310 1055
71 1132 26595 20071 8468 138
72 9903 3060 12479 25283 584
73 15183 2082 3783 2053 371
74 20410 9942 9917 5372 788
75 4321 27966 7085 6418 975
76 14462 14200 15739 20731 655
77 23160 26598 4299 6554 1102
78 9223 22085 23845 56 949
79 21834 29839 14976 26219 586
80 12279 14608 2984 2509 655
81 7190 6789 21165 8720 754
82 5253 19707 1105 27130 481
83 4316 18410 6440 9848 1295
84 23903 11614 9538 22335 817
85 18262 25590 15717 22604 855
86 7400 26353 534 15172 560
87 21628 5717 6838 9340 426
88 7741 4500 16547 15062 908
89 2703 21108 12620 14920 548
90 19684 666 11790 29850 1064
91 12309 26463 15200 14329 1061
92 21973 17878 20736 13031 806
93 12823 9131 19294 14910 884
94 18414 20746 3178 24866 450
95 4625 15632 14188 1216 1194
96 20011 27272 18200 7017 1185
97 13334 12020 12414 14696 1029
98 12531 5373 7452 7615 203
99 10786 26534 16546 2069 563
100 4585 28412 157 4375 516
