50 2
12000 15000
1 2816 4845 931 11552 1269 1314 1359 6966.86 18.36
2 17182 5391 5753 12415 758 803 848 13414.87 26.1
3 5807 828 10202 7076 8 53 98 7638.95 19.17
4 10958 21818 21534 8931 1327 1372 1417 16671.13 30.01
5 12710 2405 20022 3602 1274 1319 1364 7409.33 18.89
6 9890 21282 11893 13390 1380 1425 1470 8142.22 19.77
7 10726 13201 21323 17863 665 710 755 11577.16 23.89
8 12625 3482 17707 1998 1269 1314 1359 5294.24 16.35
9 286 28985 22533 5214 221 266 311 32557.48 49.07
10 222 13911 10532 24195 241 286 331 14562.17 27.47
11 4688 29294 647 19491 -3 42 87 10603.23 22.72
12 15511 4255 3114 1600 250 295 340 12678.12 25.21
13 703 27618 7074 4531 193 238 283 23949.93 38.74
14 8106 7882 15428 13064 872 917 962 8970.22 20.76
15 18647 15098 18761 17390 656 701 746 2294.83 12.75
16 18904 20884 3431 22177 700 745 790 15526.93 28.63
17 22489 16854 10443 14722 1287 1332 1377 12233.21 24.68
18 23846 19746 15394 18144 -44 1 46 8602.48 20.32
19 1626 9688 11800 6214 699 744 789 10750.77 22.9
20 13803 14192 4357 141 1329 1374 1419 16930.96 30.32
21 3284 2004 15009 8686 160 205 250 13495.36 26.19
22 3738 7570 16414 5754 1376 1421 1466 12805.42 25.37
23 2153 16249 2510 24336 753 798 843 8094.88 19.71
24 21770 16286 10447 14139 68 113 158 11524.75 23.83
25 19661 12378 8755 16396 806 851 896 11622.61 23.95
26 23028 20012 4092 6232 527 572 617 23419.23 38.1
27 20869 24158 16901 12047 1003 1048 1093 12744.46 25.29
28 15440 728 14617 29651 1030 1075 1120 28934.71 44.72
29 14575 7377 9845 20762 1144 1189 1234 14196.17 27.04
30 3872 22186 7138 22067 1203 1248 1293 3268.17 13.92
31 20643 18230 16745 7707 424 469 514 11221.76 23.47
32 6351 5063 8113 22550 512 557 602 17575.55 31.09
33 17193 14012 11152 18254 1071 1116 1161 7381.62 18.86
34 18544 17155 4618 15161 982 1027 1072 14068.03 26.88
35 3547 11392 13043 24667 1206 1251 1296 16321.75 29.59
36 866 7786 21032 22510 475 520 565 24969.26 39.96
37 1900 5971 22568 26816 1018 1063 1108 29354.39 45.23
38 10994 2810 15866 12496 1002 1047 1092 10842.28 23.01
39 9362 22750 18677 12036 1007 1052 1097 14197.15 27.04
40 19121 28515 16187 3107 1033 1078 1123 25576.84 40.69
41 18439 12625 9275 12991 1096 1141 1186 9171.31 21.01
42 452 25373 15038 28364 1183 1228 1273 14889.51 27.87
43 1979 2031 20982 14760 393 438 483 22872.29 37.45
44 22276 610 3689 4065 361 406 451 18905.39 32.69
45 15918 25167 8382 20479 1098 1143 1188 8875.17 20.65
46 2339 22869 11451 3051 1003 1048 1093 21812.42 36.17
47 6262 5927 1564 2172 404 449 494 6014.25 17.22
48 17003 20643 12585 11044 359 404 449 10566.91 22.68
49 22697 6650 9284 18225 473 518 563 17716.92 31.26
50 14211 1961 23592 24032 414 459 504 23981.91 38.78
