500 4
12000 15000
1 11136 20154 9769 24774 559 604 649 4818.0 15.78
2 5705 16399 21901 18233 561 606 651 16299.51 29.56
3 22218 14401 760 17467 1230 1275 1320 21675.93 36.01
4 6443 3032 5593 8039 660 705 750 5078.64 16.09
5 9317 5383 11195 9314 -28 17 62 4356.56 15.23
6 10715 27017 4288 15580 1250 1295 1340 13119.12 25.74
7 14531 3862 4015 19786 36 81 126 19082.98 32.9
8 12034 4155 19104 2600 -44 1 46 7238.99 18.69
9 17064 24143 522 4591 1227 1272 1317 25610.91 40.73
10 9832 11719 12915 6999 1352 1397 1442 5637.67 16.77
11 21626 6357 8344 24220 305 350 395 22259.79 36.71
12 9282 20693 2996 9991 667 712 757 12411.55 24.89
13 7258 2829 13302 25430 1388 1433 1478 23395.19 38.07
14 13245 19059 16992 28520 656 701 746 10175.98 22.21
15 6373 18385 8123 18277 1336 1381 1426 1753.33 12.1
16 4031 1728 8518 17672 909 954 999 16563.34 29.88
17 1512 27965 7105 18725 1392 1437 1482 10800.89 22.96
18 11253 24880 15002 1896 675 720 765 23287.75 37.95
19 17397 21193 20049 10224 -3 42 87 11285.04 23.54
20 8358 4823 8755 324 191 236 281 4516.48 15.42
21 15364 21827 23857 15201 1216 1261 1306 10771.95 22.93
22 20884 10595 17385 17551 11 56 101 7786.46 19.34
23 12344 22526 1352 21520 910 955 1000 11037.94 23.25
24 5629 7897 2 1549 754 799 844 8482.94 20.18
25 9356 25714 4224 6593 600 645 690 19797.73 33.76
26 11631 1625 17519 14860 65 110 155 14485.64 27.38
27 11979 29475 11548 16390 189 234 279 13092.1 25.71
28 21021 16816 346 22345 869 914 959 21401.53 35.68
29 22884 15431 13667 14214 -43 2 47 9297.0 21.16
30 10369 6886 6157 15533 816 861 906 9618.29 21.54
31 16188 16054 9838 1899 57 102 147 15514.08 28.62
32 2503 19725 15632 3424 66 111 156 20930.68 35.12
33 15995 29014 15749 12554 1235 1280 1325 16461.84 29.75
34 3272 22344 21775 17870 1270 1315 1360 19036.22 32.84
35 21224 22624 1527 19380 174 219 264 19962.35 33.95
36 3548 18123 14026 7679 950 995 1040 14794.11 27.75
37 20825 17364 4342 18388 723 768 813 16514.78 29.82
38 11564 5368 17652 4860 1276 1321 1366 6109.16 17.33
39 3718 25571 899 16959 893 938 983 9061.64 20.87
40 22107 16467 22040 7387 1259 1304 1349 9080.25 20.9
41 8598 1630 20828 5211 296 341 386 12743.49 25.29
42 17559 28239 17947 6293 680 725 770 21949.43 36.34
43 10596 21551 19724 599 970 1015 1060 22854.03 37.42
44 627 4507 15589 17258 285 330 375 19658.32 33.59
45 17152 5466 2045 12516 63 108 153 16671.05 30.01
46 15335 5657 1757 19297 657 702 747 19246.08 33.1
47 3961 26466 8914 27658 633 678 723 5094.42 16.11
48 6790 10164 3751 7837 688 733 778 3827.59 14.59
49 1825 2421 6982 18008 1265 1310 1355 16417.95 29.7
50 22106 25696 892 18320 716 761 806 22459.72 36.95
51 23642 2495 8639 3149 749 794 839 15017.25 28.02
52 4536 29745 18960 29666 940 985 1030 14424.22 27.31
53 205 27375 17721 16168 61 106 151 20794.4 34.95
54 18175 2758 731 6601 49 94 139 17862.3 31.43
55 949 26254 11409 8329 1230 1275 1320 20753.73 34.9
56 23260 17780 17307 27403 878 923 968 11315.49 23.58
57 2088 5214 587 28057 637 682 727 22892.26 37.47
58 3487 3437 13598 28646 308 353 398 27161.11 42.59
59 9767 14373 567 20821 1296 1341 1386 11234.62 23.48
60 8696 17908 491 12679 159 204 249 9729.57 21.68
61 21021 22131 1438 29021 1347 1392 1437 20759.72 34.91
62 7821 13306 13155 7502 718 763 808 7882.76 19.46
63 1228 11094 10258 5069 1308 1353 1398 10855.48 23.03
64 38 9006 2631 9334 811 856 901 2613.66 13.14
65 17243 24394 19837 18411 299 344 389 6521.13 17.83
66 13497 23883 7274 9868 1289 1334 1379 15334.47 28.4
67 2487 1691 14738 14163 1260 1305 1350 17482.5 30.98
68 88 23408 14914 5009 231 276 321 23629.08 38.35
69 4785 9248 9446 21974 1273 1318 1363 13552.71 26.26
70 12052 26579 8951 4419 1277 1322 1367 22375.92 36.85
71 7045 10436 13865 11489 1356 1401 1446 6900.81 18.28
72 4730 22430 8538 29078 184 229 274 7661.38 19.19
73 5330 22031 15474 28201 867 912 957 11873.06 24.25
74 21862 1350 17943 29672 1267 1312 1357 28591.86 44.31
75 15865 10949 5578 29737 673 718 763 21419.88 35.7
76 6807 13788 13765 13608 1276 1321 1366 6960.33 18.35
77 8684 2915 21684 2796 29 74 119 13000.54 25.6
78 7690 27250 9232 28548 1306 1351 1396 2015.58 12.42
79 23224 9872 18415 15037 818 863 908 7057.17 18.47
80 21843 17017 8278 2848 864 909 954 19615.55 33.54
81 8681 24290 8391 6562 1292 1337 1382 17730.37 31.28
82 13252 27019 12930 6507 844 889 934 20514.53 34.62
83 16060 7042 1295 27562 863 908 953 25279.95 40.34
84 6653 20800 17483 1740 1283 1328 1373 21921.96 36.31
85 22667 21928 14794 5859 1251 1296 1341 17894.05 31.47
86 17015 3597 20527 3104 239 284 329 3546.43 14.26
87 4494 15517 6680 21538 773 818 863 6405.55 17.69
88 18349 7239 15445 15620 1272 1317 1362 8869.86 20.64
89 9672 8316 22173 13193 953 998 1043 13418.65 26.1
90 22800 20612 19845 494 717 762 807 20333.86 34.4
91 18656 2063 18721 27464 642 687 732 25401.08 40.48
92 13171 2729 7612 13842 218 263 308 12425.83 24.91
93 14582 13455 13963 19697 637 682 727 6272.62 17.53
94 7409 8735 13773 2469 235 280 325 8931.03 20.72
95 12108 6125 22788 5372 1235 1280 1325 10706.51 22.85
96 4955 8276 6274 29127 1330 1375 1420 20892.68 35.07
97 7304 20909 8799 21401 1269 1314 1359 1573.88 11.89
98 18050 19616 18731 24456 1256 1301 1346 4887.67 15.87
99 17686 29672 7693 29976 734 779 824 9997.62 22.0
100 7654 5716 16380 24225 -7 38 83 20462.8 34.56
101 18454 6796 4936 2139 934 979 1024 14297.69 27.16
102 21421 6487 232 7096 831 876 921 21197.75 35.44
103 7845 6474 20199 15361 875 920 965 15218.41 28.26
104 1132 10779 15187 18912 1359 1404 1449 16238.49 29.49
105 5331 12838 282 1476 169 214 259 12433.32 24.92
106 19064 4619 11315 12303 699 744 789 10912.88 23.1
107 7795 18056 9026 15418 96 141 186 2911.08 13.49
108 19573 7362 16197 20415 680 725 770 13482.51 26.18
109 17181 15407 12087 2524 196 241 286 13853.54 26.62
110 18165 20244 18193 2420 856 901 946 17824.02 31.39
111 16032 18660 18481 25510 1308 1353 1398 7274.62 18.73
112 4828 1335 5540 17752 230 275 320 16432.43 29.72
113 22216 10335 11930 13983 876 921 966 10913.74 23.1
114 6884 8089 8069 23889 -21 24 69 15844.38 29.01
115 21772 9935 5021 22611 11 56 101 21006.59 35.21
116 11349 20664 19571 29896 24 69 114 12362.49 24.83
117 21560 22905 6648 18907 1264 1309 1354 15438.64 28.53
118 21057 10750 14250 26960 220 265 310 17581.22 31.1
119 11206 23207 984 26842 1390 1435 1480 10849.08 23.02
120 22327 14436 8921 28572 1252 1297 1342 19481.97 33.38
121 9787 18911 16499 8543 1228 1273 1318 12350.97 24.82
122 13752 6822 17024 6710 143 188 233 3273.92 13.93
123 15968 25352 6172 15352 706 751 796 13998.63 26.8
124 3843 16988 7291 18980 1390 1435 1480 3982.06 14.78
125 19631 7316 18203 12142 1375 1420 1465 5032.84 16.04
126 4315 24830 20372 18581 1328 1373 1418 17230.13 30.68
127 3158 29999 5461 13746 876 921 966 16415.35 29.7
128 855 4762 8108 16023 600 645 690 13394.63 26.07
129 4352 16544 15299 23997 -1 44 89 13243.26 25.89
130 2837 7886 15379 28658 1285 1330 1375 24264.74 39.12
131 11291 23368 9173 14178 125 170 215 9430.91 21.32
132 20739 29778 15167 8060 292 337 382 22421.39 36.91
133 19643 13021 13618 12198 308 353 398 6080.95 17.3
134 11702 803 15624 19795 203 248 293 19392.73 33.27
135 12558 14345 12963 15907 664 709 754 1613.65 11.94
136 6855 22360 20003 14666 181 226 271 15233.76 28.28
137 14033 7231 23931 24680 299 344 389 20060.86 34.07
138 20051 10697 2277 15497 742 787 832 18410.73 32.09
139 19121 23678 17422 29150 1355 1400 1445 5729.69 16.88
140 11165 14008 1873 11892 556 601 646 9529.89 21.44
141 23459 9208 20574 10570 18 63 108 3190.34 13.83
142 12977 20845 2057 9618 1277 1322 1367 15661.8 28.79
143 12809 24712 9157 14979 -20 25 70 10395.59 22.47
144 13236 16660 10408 18818 62 107 152 3557.32 14.27
145 7164 16204 9539 3940 171 216 261 12491.85 24.99
146 20447 4516 3870 4660 570 615 660 16577.63 29.89
147 20612 24661 2970 10066 1379 1424 1469 22896.6 37.48
148 10197 27961 9220 7819 1282 1327 1372 20165.68 34.2
149 5272 10477 5027 2136 263 308 353 8344.6 20.01
150 1988 19384 12782 9714 234 279 324 14492.04 27.39
151 4258 21214 9921 25503 1378 1423 1468 7103.88 18.52
152 8400 16813 9518 3489 -18 27 72 13370.82 26.04
153 10625 21870 11368 6761 -33 12 57 15127.26 28.15
154 19476 8750 2644 19179 594 639 684 19801.02 33.76
155 23986 23232 21578 8560 85 130 175 14868.29 27.84
156 4314 10070 11210 12757 844 889 934 7401.0 18.88
157 7162 24205 21788 8235 77 122 167 21655.5 35.99
158 14290 20637 14473 9903 92 137 182 10735.56 22.88
159 5563 11168 10387 19350 596 641 686 9498.22 21.4
160 23177 16804 8996 18400 584 629 674 14270.53 27.12
161 17587 12720 15668 29807 1276 1321 1366 17194.42 30.63
162 18569 9333 23263 12586 1284 1329 1374 5711.01 16.85
163 10019 9978 10748 11507 280 325 370 1693.9 12.03
164 12573 23556 752 16180 293 338 383 13933.46 26.72
165 5894 26371 8966 631 772 817 862 25922.67 41.11
166 2116 16590 9302 24130 761 806 851 10415.86 22.5
167 1369 19622 21301 25037 1366 1411 1456 20654.46 34.79
168 4365 14320 17698 25705 166 211 256 17532.46 31.04
169 11835 12252 21953 5416 1263 1308 1353 12210.85 24.65
170 10418 12892 19687 6165 1343 1388 1433 11452.81 23.74
171 2049 2465 8429 21039 690 735 780 19639.19 33.57
172 6878 23028 22894 4053 21 66 111 24830.68 39.8
173 19626 6154 10063 27048 696 741 786 22978.47 37.57
174 20597 4650 124 27999 765 810 855 31053.49 47.26
175 16526 8015 3707 16905 72 117 162 15599.96 28.72
176 15135 1320 4342 7359 -9 36 81 12367.63 24.84
177 9703 19095 16295 7815 899 944 989 13064.95 25.68
178 13456 29464 7163 4702 161 206 251 25549.14 40.66
179 8091 22400 1548 17170 145 190 235 8376.38 20.05
180 20390 1032 18853 11802 1262 1307 1352 10879.12 23.05
181 11278 15363 16556 7132 1230 1275 1320 9777.87 21.73
182 9430 15877 2280 2215 945 990 1035 15419.88 28.5
183 13131 2428 3695 2837 892 937 982 9444.86 21.33
184 9413 25087 4683 14595 287 332 377 11508.91 23.81
185 8276 20851 7183 22209 235 280 325 1743.22 12.09
186 10419 23421 5508 4095 262 307 352 19940.22 33.93
187 22660 29718 19616 13833 139 184 229 16174.03 29.41
188 8116 7033 4650 20207 1327 1372 1417 13622.31 26.35
189 20700 13098 22888 27130 783 828 873 14201.56 27.04
190 2625 26086 5909 27960 1230 1275 1320 3781.08 14.54
191 15404 18870 11686 26711 1329 1374 1419 8677.83 20.41
192 6752 14076 231 735 584 629 674 14849.44 27.82
193 613 7934 7106 4883 259 304 349 7174.1 18.61
194 22657 15294 18384 1818 855 900 945 14137.22 26.96
195 11576 14085 16047 14112 273 318 363 4471.08 15.37
196 11431 16195 3015 2759 234 279 324 15854.18 29.03
197 19014 17734 13296 15628 54 99 144 6093.5 17.31
198 22278 18042 21905 26117 1254 1299 1344 8083.61 19.7
199 22751 28764 22265 23206 737 782 827 5579.21 16.7
200 15347 24259 20581 8409 27 72 117 16691.83 30.03
201 16896 26606 15184 20328 1224 1269 1314 6507.24 17.81
202 14095 29277 23052 26962 819 864 909 9251.33 21.1
203 23542 6642 20232 21789 1373 1418 1463 15504.44 28.61
204 2943 24094 10680 7475 128 173 218 18331.73 32.0
205 7020 19510 18111 5142 754 799 844 18150.75 31.78
206 18565 23993 21941 15178 1337 1382 1427 9439.36 21.33
207 23761 5901 14509 11757 735 780 825 10949.53 23.14
208 14173 16388 6606 3229 920 965 1010 15179.55 28.22
209 2587 21392 15132 29680 1237 1282 1327 15035.56 28.04
210 1544 2328 6617 11314 1242 1287 1332 10319.09 22.38
211 14649 21234 1937 11018 92 137 182 16308.33 29.57
212 6281 20894 15968 26922 83 128 173 11409.42 23.69
213 16092 23218 22017 27111 1266 1311 1356 7089.5 18.51
214 9385 2511 12466 2672 48 93 138 3085.2 13.7
215 14895 19356 17622 17507 1353 1398 1443 3294.74 13.95
216 17642 14606 10258 3893 1267 1312 1357 13011.22 25.61
217 10999 19388 7932 8099 763 808 853 11698.21 24.04
218 13566 69 17463 6154 1320 1365 1410 7225.91 18.67
219 16613 4497 1036 7983 1377 1422 1467 15962.3 29.15
220 6244 21839 2533 9882 1219 1264 1309 12519.64 25.02
221 7606 5505 18711 22724 1246 1291 1336 20489.39 34.59
222 15154 6910 8567 1248 803 848 893 8686.01 20.42
223 3183 7267 21432 10537 893 938 983 18539.66 32.25
224 4371 13030 862 3933 215 260 305 9750.31 21.7
225 13287 5740 3696 16718 119 164 209 14577.51 27.49
226 5985 25753 20994 2963 16 61 106 27288.35 42.75
227 8449 23309 5724 17713 821 866 911 6224.21 17.47
228 19252 28618 5243 4694 1274 1319 1364 27723.81 43.27
229 17566 25550 3530 26399 1394 1439 1484 14061.65 26.87
230 15789 26149 23361 10716 866 911 956 17190.48 30.63
231 2257 2285 3332 25303 882 927 972 23043.09 37.65
232 10207 26855 6364 4812 614 659 704 22375.49 36.85
233 5504 27032 11302 1256 1348 1393 1438 26420.05 41.7
234 23882 16264 20163 20021 722 767 812 5286.4 16.34
235 9875 13490 842 5025 1277 1322 1367 12379.47 24.86
236 8159 22830 9307 23219 800 845 890 1212.12 11.45
237 18664 23541 14014 27825 84 129 174 6322.59 17.59
238 7787 11064 8509 13883 -30 15 60 2909.99 13.49
239 3595 28082 21233 28232 1217 1262 1307 17638.64 31.17
240 6447 17177 13462 9630 1351 1396 1441 10303.76 22.36
241 22764 26703 1498 25433 1226 1271 1316 21303.89 35.56
242 16978 11808 1873 17586 737 782 827 16172.39 29.41
243 13582 2607 11878 25612 598 643 688 23068.02 37.68
244 3937 14488 12801 19690 1251 1296 1341 10277.71 22.33
245 22454 29006 422 7023 140 185 230 31123.32 47.35
246 13953 20593 11878 14412 1378 1423 1468 6520.0 17.82
247 6373 16069 10604 5649 691 736 781 11246.23 23.5
248 23473 13742 14720 6105 281 326 371 11616.32 23.94
249 14407 20528 12886 26139 1224 1269 1314 5813.5 16.98
250 6798 25339 4434 21885 946 991 1036 4185.52 15.02
251 15178 9051 17325 19873 437 482 527 11032.92 23.24
252 914 19713 6488 5349 325 370 415 15407.59 28.49
253 20074 25851 23685 12069 1024 1069 1114 14247.2 27.1
254 20949 517 2582 15517 532 577 622 23713.85 38.46
255 14333 8517 23854 10755 493 538 583 9780.5 21.74
256 12336 19510 8736 529 995 1040 1085 19319.38 33.18
257 12304 23401 4406 18377 422 467 512 9360.5 21.23
258 3151 29624 13083 18615 433 478 523 14827.09 27.79
259 3797 9786 22951 15887 346 391 436 20102.19 34.12
260 5800 4665 19152 14800 392 437 482 16762.88 30.12
261 21915 19573 21384 19920 319 364 409 634.33 10.76
262 18386 19532 4871 8724 1211 1256 1301 17305.15 30.77
263 4210 10413 10366 11236 435 480 525 6210.77 17.45
264 23628 25527 1341 7036 1072 1117 1162 28959.07 44.75
265 15171 14201 13228 4132 1135 1180 1225 10254.76 22.31
266 10570 10614 20601 13548 520 565 610 10451.28 22.54
267 22340 2826 4025 28501 475 520 565 31537.99 47.85
268 13089 8577 10909 3041 496 541 586 5949.76 17.14
269 22662 23268 5836 1740 1095 1140 1185 27323.42 42.79
270 13245 14071 1786 20053 369 414 459 12926.45 25.51
271 22435 2621 4211 3825 527 572 617 18263.73 31.92
272 23387 16979 6332 4424 1188 1233 1278 21177.84 35.41
273 7797 19393 18453 11421 419 464 509 13308.01 25.97
274 15979 7636 6389 6235 516 561 606 9691.8 21.63
275 4861 24011 1275 27719 1038 1083 1128 5158.36 16.19
276 10627 698 13770 28022 359 404 449 27504.17 43.01
277 18399 9253 20241 20172 379 424 469 11073.28 23.29
278 1435 861 1010 14211 1205 1250 1295 13356.76 26.03
279 14900 25355 4049 7762 1056 1101 1146 20670.22 34.8
280 2299 29943 19592 16314 542 587 632 22018.12 36.42
281 8269 10831 3842 11836 1202 1247 1292 4539.64 15.45
282 10112 5674 689 22091 1092 1137 1182 18929.1 32.71
283 8914 3337 3151 6154 481 526 571 6414.64 17.7
284 5629 25789 14513 12005 366 411 456 16398.91 29.68
285 7457 18048 14334 23224 536 581 626 8607.21 20.33
286 2321 5470 21829 23640 339 384 429 26659.16 41.99
287 20091 22248 12472 20712 1101 1146 1191 7772.29 19.33
288 17607 10345 21817 13323 459 504 549 5156.8 16.19
289 6465 5493 1051 8751 1070 1115 1160 6318.7 17.58
290 8802 13276 13239 5079 472 517 562 9320.82 21.18
291 15343 480 15824 13882 1083 1128 1173 13410.63 26.09
292 13189 16352 18630 3848 537 582 627 13636.51 26.36
293 9262 3947 6910 17819 1197 1242 1287 14069.98 26.88
294 14905 9841 1647 306 977 1022 1067 16330.67 29.6
295 19343 17156 2519 9520 431 476 521 18475.81 32.17
296 2260 212 11651 27556 511 556 601 28911.68 44.69
297 244 9419 4882 3295 1206 1251 1296 7682.08 19.22
298 16248 1157 13528 26275 1207 1252 1297 25264.84 40.32
299 10930 19994 3927 17702 998 1043 1088 7368.53 18.84
300 6482 26689 19933 19541 1175 1220 1265 15232.31 28.28
301 8601 28559 22157 23292 996 1041 1086 14543.26 27.45
302 12788 29317 9456 23310 984 1029 1074 6869.23 18.24
303 22785 10524 22717 9478 401 446 491 1048.21 11.26
304 1285 481 8406 13899 1102 1147 1192 15190.5 28.23
305 2266 28747 23951 14179 465 510 555 26124.05 41.35
306 20555 20605 19592 3891 1073 1118 1163 16741.72 30.09
307 9665 14812 20466 23223 461 506 551 13689.65 26.43
308 18854 15929 22386 19149 477 522 567 4779.48 15.74
309 23957 23995 9374 22963 337 382 427 14619.47 27.54
310 20394 15687 12129 21049 532 577 622 9851.97 21.82
311 16538 26834 7482 3408 1016 1061 1106 25115.51 40.14
312 10949 8775 8466 15624 419 464 509 7285.2 18.74
313 3672 8583 12933 11602 1043 1088 1133 9740.66 21.69
314 5796 23978 16873 1540 355 400 445 25023.26 40.03
315 7571 21883 20068 27858 471 516 561 13851.92 26.62
316 804 8802 15110 12160 1094 1139 1184 14694.82 27.63
317 15717 25957 15101 25798 1070 1115 1160 636.19 10.76
318 8024 6502 4870 24725 445 490 535 18493.93 32.19
319 9278 2685 7288 21234 333 378 423 18655.44 32.39
320 22616 13714 4542 7303 338 383 428 19177.34 33.01
321 19394 12671 14150 21269 985 1030 1075 10071.0 22.09
322 21057 22618 21672 15790 457 502 547 6855.64 18.23
323 17027 9560 7155 16809 421 466 511 12247.63 24.7
324 11852 20755 11601 5808 1022 1067 1112 14949.11 27.94
325 18003 23977 18083 2015 442 487 532 21962.15 36.35
326 8941 6231 4808 8138 1184 1229 1274 4551.74 15.46
327 9000 16270 21087 16882 332 377 422 12102.48 24.52
328 897 23545 3772 19981 1148 1193 1238 4579.05 15.49
329 14656 23451 10562 15860 387 432 477 8624.62 20.35
330 21131 2190 22819 7102 416 461 506 5193.95 16.23
331 13865 4011 20688 24985 1007 1052 1097 22055.88 36.47
332 9872 4580 17626 1685 344 389 434 8276.81 19.93
333 1742 24584 23274 2536 508 553 598 30817.87 46.98
334 15665 20392 15528 8346 391 436 481 12046.78 24.46
335 16013 6189 13880 14649 1068 1113 1158 8724.75 20.47
336 1621 29604 5677 26104 1141 1186 1231 5357.34 16.43
337 11840 17781 729 959 362 407 452 20160.21 34.19
338 19076 26991 16075 13236 375 420 465 14078.57 26.89
339 16173 26792 6230 8058 503 548 593 21209.1 35.45
340 3612 15805 16565 21448 481 526 571 14128.82 26.95
341 13180 9789 7802 29093 1188 1233 1278 20039.14 34.05
342 5242 19029 4815 5077 1010 1055 1100 13958.53 26.75
343 579 10800 18373 10715 486 531 576 17794.2 31.35
344 9321 313 8928 12298 1143 1188 1233 11991.44 24.39
345 12296 882 10552 22570 1090 1135 1180 21758.01 36.11
346 17465 915 23694 26703 1159 1204 1249 26529.63 41.84
347 8719 4495 4136 28753 507 552 597 24687.13 39.62
348 11418 13767 8162 6022 1003 1048 1093 8401.58 20.08
349 11112 20073 5607 21181 1122 1167 1212 5615.4 16.74
350 6108 28277 2759 21416 494 539 584 7634.73 19.16
351 9676 11399 14034 13157 340 385 430 4699.23 15.64
352 1965 3529 11009 24360 1143 1188 1233 22709.57 37.25
353 1177 4050 2941 17509 1195 1240 1285 13574.11 26.29
354 21664 15372 13265 21416 1030 1075 1120 10347.62 22.42
355 19919 12369 11153 4393 553 598 643 11851.55 24.22
356 8323 1493 15555 27558 375 420 465 27049.7 42.46
357 17305 6307 3684 3511 1185 1230 1275 13905.01 26.69
358 14830 2985 19999 16897 514 559 604 14841.24 27.81
359 7309 5245 7447 19434 481 526 571 14189.67 27.03
360 21390 9454 9337 3222 352 397 442 13568.81 26.28
361 4569 26986 2735 16778 1209 1254 1299 10371.44 22.45
362 2761 25130 6328 13857 435 480 525 11823.87 24.19
363 14169 27137 4280 27119 450 495 540 9889.02 21.87
364 14608 29073 1664 21600 348 393 438 14946.33 27.94
365 17001 14079 19598 11970 1087 1132 1177 3345.49 14.01
366 4374 1813 11436 12664 321 366 411 12946.66 25.54
367 7581 22492 10362 13519 338 383 428 9394.08 21.27
368 22520 6179 15483 10629 1074 1119 1164 8325.98 19.99
369 17207 7450 19482 13609 981 1026 1071 6565.74 17.88
370 11175 2818 932 14296 552 597 642 15383.87 28.46
371 20040 27996 11095 513 1152 1197 1242 28902.05 44.68
372 7064 13748 6982 6948 1118 1163 1208 6800.49 18.16
373 1053 5522 2058 18731 1172 1217 1262 13247.18 25.9
374 3800 22883 4179 2138 1029 1074 1119 20748.46 34.9
375 7426 28785 16103 25734 1030 1075 1120 9197.77 21.04
376 10131 5857 20930 16130 368 413 458 14904.8 27.89
377 3357 14147 1624 11505 1155 1200 1245 3159.66 13.79
378 2138 4477 8243 24618 1021 1066 1111 21045.92 35.26
379 12753 1273 12800 850 999 1044 1089 425.6 10.51
380 21074 8553 5794 16950 1043 1088 1133 17435.25 30.92
381 22561 4393 1543 26270 465 510 555 30337.43 46.4
382 14225 2300 7978 26434 407 452 497 24929.4 39.92
383 8713 12668 10426 7403 354 399 444 5536.66 16.64
384 18625 6603 22801 9059 316 361 406 4844.68 15.81
385 14189 2463 20437 16108 366 411 456 15007.45 28.01
386 9698 786 18027 3473 349 394 439 8751.7 20.5
387 17990 29393 7418 27218 475 520 565 10793.42 22.95
388 9368 26168 3315 2970 439 484 529 23974.7 38.77
389 300 20230 23884 18901 1115 1160 1205 23621.42 38.35
390 9258 2987 379 13839 1112 1157 1202 14021.5 26.83
391 16305 27575 15503 803 511 556 601 26784.01 42.14
392 22936 15130 20980 6091 1127 1172 1217 9248.21 21.1
393 23703 13077 20863 21071 1090 1135 1180 8483.49 20.18
394 19614 14256 14353 22202 483 528 573 9529.8 21.44
395 1217 12431 18593 11108 375 420 465 17426.29 30.91
396 13415 1586 13941 21653 392 437 482 20073.89 34.09
397 1856 8196 13505 23361 1178 1223 1268 19122.67 32.95
398 12359 25287 20266 18772 343 388 433 10245.29 22.29
399 16052 14078 15117 23083 477 522 567 9053.41 20.86
400 13504 832 16494 1519 1048 1093 1138 3067.91 13.68
401 11892 11855 11099 14183 1012 1057 1102 2459.36 12.95
402 13624 3131 8749 602 1210 1255 1300 5491.95 16.59
403 16633 24414 20115 4545 1031 1076 1121 20171.8 34.21
404 15003 16947 20305 670 432 477 522 17118.76 30.54
405 8170 22192 15500 5041 339 384 429 18651.69 32.38
406 9833 1595 1389 25584 366 411 456 25431.74 40.52
407 19075 23533 3452 7239 1212 1257 1302 22573.71 37.09
408 293 8894 11210 7225 1009 1054 1099 11043.84 23.25
409 23924 3441 9178 22965 511 556 601 24466.94 39.36
410 19084 29769 3669 25764 404 449 494 15926.78 29.11
411 19862 4757 14478 29265 393 438 483 25092.42 40.11
412 14462 2482 9323 9923 1172 1217 1262 9043.11 20.85
413 5918 8525 11397 29588 1046 1091 1136 21763.95 36.12
414 2681 673 1177 2728 1116 1161 1206 2546.57 13.06
415 9803 26394 6584 5069 1044 1089 1134 21566.58 35.88
416 6915 19517 18992 5008 1179 1224 1269 18877.63 32.65
417 18714 26010 11627 26230 438 483 528 7090.41 18.51
418 13874 9733 23208 16329 1113 1158 1203 11429.38 23.72
419 16224 24490 19484 14095 1138 1183 1228 10894.2 23.07
420 10165 22912 8200 21072 458 503 548 2691.99 13.23
421 13007 12369 6337 15619 325 370 415 7419.66 18.9
422 9753 10117 1832 14857 1191 1236 1281 9230.92 21.08
423 18411 22555 3775 23092 424 469 514 14645.85 27.58
424 2497 21198 10083 19441 406 451 496 7786.81 19.34
425 3895 22589 3817 29801 1050 1095 1140 7212.42 18.65
426 18413 6115 1957 9842 1208 1253 1298 16872.77 30.25
427 12583 5153 11506 11819 535 580 625 6752.44 18.1
428 19664 8645 21722 2656 319 364 409 6332.73 17.6
429 10205 14829 3980 20713 1084 1129 1174 8565.75 20.28
430 4004 2151 7576 24406 516 561 606 22539.84 37.05
431 19225 12017 17797 14206 1204 1249 1294 2613.6 13.14
432 16631 19595 10432 6566 360 405 450 14428.53 27.31
433 2270 23659 20028 3184 335 380 425 27102.99 42.52
434 6944 6680 21873 25202 1186 1231 1276 23789.48 38.55
435 17188 11112 8877 12437 1211 1256 1301 8415.96 20.1
436 16947 11239 5476 12054 471 516 561 11499.92 23.8
437 4895 10671 9279 27490 479 524 569 17380.97 30.86
438 9740 143 14471 27279 1031 1076 1121 27545.32 43.05
439 4422 12644 21099 23993 384 429 474 20172.31 34.21
440 22797 11478 7664 16561 416 461 506 15963.85 29.16
441 23628 6815 22719 17727 483 528 573 10949.8 23.14
442 1044 3398 4143 19139 457 502 547 16043.16 29.25
443 7330 17113 11011 25176 512 557 602 8863.51 20.64
444 10814 8154 14777 28258 1199 1244 1289 20490.88 34.59
445 5309 29425 15611 25499 984 1029 1074 11024.73 23.23
446 3615 27426 3850 4134 418 463 508 23293.19 37.95
447 5140 26271 23707 6154 506 551 596 27375.67 42.85
448 10232 3268 2749 13734 534 579 624 12865.94 25.44
449 10666 16333 7165 10266 1090 1135 1180 7004.68 18.41
450 400 3094 8818 17783 1157 1202 1247 16930.13 30.32
451 8995 4912 5623 4604 1064 1109 1154 3386.04 14.06
452 22635 1111 18595 10791 420 465 510 10489.23 22.59
453 5230 16025 7995 1726 345 390 435 14563.88 27.48
454 7554 502 12719 29355 317 362 407 29311.65 45.17
455 3582 3149 10832 1036 496 541 586 7551.64 19.06
456 14463 281 1903 5173 1193 1238 1283 13479.07 26.17
457 6696 20966 3919 3263 1028 1073 1118 17919.48 31.5
458 1964 5867 8355 4591 528 573 618 6517.14 17.82
459 5578 12602 19124 24632 506 551 596 18116.71 31.74
460 15325 27967 7758 16435 414 459 504 13792.99 26.55
461 15303 18155 8962 11418 370 415 460 9251.78 21.1
462 8103 18107 17766 21470 1067 1112 1157 10231.49 22.28
463 2234 10254 3030 25784 1057 1102 1147 15550.39 28.66
464 8927 8736 1763 12342 323 368 413 8020.36 19.62
465 1205 13725 15028 13324 430 475 520 13828.82 26.59
466 16618 5117 22218 18970 333 378 423 14942.08 27.93
467 8998 904 20 7847 1059 1104 1149 11349.44 23.62
468 17055 24425 21985 4902 375 420 465 20135.85 34.16
469 9288 21648 10310 28789 1141 1186 1231 7213.76 18.66
470 3910 6272 9585 13821 1179 1224 1269 9444.21 21.33
471 1673 7686 800 5246 1017 1062 1107 2591.47 13.11
472 2954 18115 22923 6848 361 406 451 22928.28 37.51
473 13140 14657 10669 13362 1077 1122 1167 2789.78 13.35
474 8288 21722 7250 3327 1161 1206 1251 18424.26 32.11
475 1217 9089 23334 29089 1065 1110 1155 29818.81 45.78
476 4710 14764 19534 15040 414 459 504 14826.57 27.79
477 7044 28908 5513 15192 1063 1108 1153 13801.18 26.56
478 16914 5968 17385 23565 1208 1253 1298 17603.3 31.12
479 18400 18177 3832 13306 338 383 428 15360.77 28.43
480 17208 4104 9762 28353 1197 1242 1287 25366.45 40.44
481 2825 1940 19319 5123 1196 1241 1286 16798.32 30.16
482 8391 19637 3889 10762 550 595 640 9951.56 21.94
483 8221 15295 5436 27705 999 1044 1089 12718.66 25.26
484 18104 11071 10595 3444 976 1021 1066 10703.09 22.84
485 21592 20679 15478 20198 517 562 607 6132.89 17.36
486 10937 8089 5142 20555 342 387 432 13747.12 26.5
487 15577 8039 17367 589 1048 1093 1138 7662.02 19.19
488 19634 1176 8353 12344 1201 1246 1291 15874.04 29.05
489 23764 13406 10514 3754 491 536 581 16392.79 29.67
490 2846 362 7430 22833 392 437 482 22933.79 37.52
491 19789 5269 10630 11483 328 373 418 11068.02 23.28
492 7270 15427 9603 23532 1209 1254 1299 8434.09 20.12
493 13794 19239 905 9599 331 376 421 16095.21 29.31
494 5966 6983 20732 28694 494 539 584 26256.47 41.51
495 18971 17914 5738 18377 1175 1220 1265 13241.1 25.89
496 11273 21878 10051 27518 327 372 417 5770.87 16.93
497 8332 16303 13544 7397 1093 1138 1183 10319.0 22.38
498 643 22354 7758 18208 394 439 484 8234.84 19.88
499 17696 8267 19303 13230 1161 1206 1251 5216.69 16.26
500 21986 18081 19193 18488 1065 1110 1155 2822.5 13.39
