250 10
12000 15000
1 20865 2679 18604 3145 36 81 126 2308.52 12.77
2 12843 24904 12272 8853 206 251 296 16061.15 29.27
3 18220 4175 9561 4175 -27 18 63 8659.0 20.39
4 20891 1216 4453 1875 1246 1291 1336 16451.2 29.74
5 15174 19521 18962 4501 1386 1431 1476 15490.3 28.59
6 11483 13337 11164 9851 1258 1303 1348 3500.57 14.2
7 23008 4695 947 11577 220 265 310 23109.51 37.73
8 8940 29536 4284 7458 898 943 988 22563.61 37.08
9 4561 24757 530 4378 1253 1298 1343 20773.84 34.93
10 18556 26069 21466 19500 1310 1355 1400 7184.7 18.62
11 10806 18670 23236 23269 1345 1390 1435 13253.52 25.9
12 1365 11883 6614 24101 728 773 818 13297.8 25.96
13 2317 13021 8226 20288 1329 1374 1419 9366.19 21.24
14 910 28124 13980 26447 1261 1306 1351 13177.15 25.81
15 21971 4066 15312 6922 1338 1383 1428 7245.62 18.69
16 19019 28394 14731 13745 774 819 864 15263.69 28.32
17 1768 23101 19917 13956 1387 1432 1477 20322.83 34.39
18 15161 5927 3186 6208 1394 1439 1484 11978.3 24.37
19 979 1004 17240 26464 -36 9 54 30209.8 46.25
20 2342 21133 3284 11728 235 280 325 9452.06 21.34
21 15102 13487 10152 8240 187 232 277 7213.43 18.66
22 6509 27524 4263 27072 231 276 321 2291.03 12.75
23 5217 2122 19252 22726 1374 1419 1464 24930.02 39.92
24 4364 8239 19009 21013 255 300 345 19433.25 33.32
25 20582 25647 4635 528 4 49 94 29753.5 45.7
26 21971 27783 18306 12082 256 301 346 16123.08 29.35
27 19366 14790 16069 7321 826 871 916 8164.32 19.8
28 22321 25461 11832 794 915 960 1005 26804.48 42.17
29 6620 10134 21466 20608 610 655 700 18168.89 31.8
30 23784 23625 3688 19359 968 1013 1058 20543.81 34.65
31 20821 19503 6012 2863 776 821 866 22275.46 36.73
32 18781 6947 12530 27505 1313 1358 1403 21487.35 35.78
33 7618 22204 1198 25166 877 922 967 7070.35 18.48
34 1439 19559 5637 218 120 165 210 19791.35 33.75
35 9930 21355 16925 23503 212 257 302 7317.37 18.78
36 14991 29253 16104 15691 955 1000 1045 13607.59 26.33
37 7954 28491 21255 8228 1348 1393 1438 24238.52 39.09
38 16419 1582 3060 608 -5 40 85 13394.46 26.07
39 1689 9496 7725 1505 166 211 256 10014.46 22.02
40 10529 23872 6375 17271 682 727 772 7799.29 19.36
41 2177 26712 174 19857 891 936 981 7141.64 18.57
42 118 8452 881 11360 76 121 166 3006.43 13.61
43 15867 29822 10945 14438 1362 1407 1452 16152.2 29.38
44 19962 18145 11327 10958 1223 1268 1313 11234.6 23.48
45 1418 23940 5411 11953 1384 1429 1474 12634.56 25.16
46 16981 18386 14809 1796 82 127 172 16731.58 30.08
47 21988 15003 23103 29838 629 674 719 14876.84 27.85
48 12937 20876 1768 218 569 614 659 23484.03 38.18
49 19174 14655 13330 29397 109 154 199 15858.09 29.03
50 982 7392 17262 1113 1232 1277 1322 17448.9 30.94
51 13287 14606 7426 4650 225 270 315 11553.06 23.86
52 892 8647 16100 10829 800 845 890 15363.74 28.44
53 18269 28531 1173 19356 274 319 364 19402.42 33.28
54 2865 17654 18883 16351 781 826 871 16070.91 29.29
55 16636 24307 4103 4096 916 961 1006 23781.52 38.54
56 10637 24524 5061 25950 790 835 880 5755.45 16.91
57 8306 4359 16616 8670 -33 12 57 9361.67 21.23
58 19532 20396 9754 15433 238 283 328 10965.43 23.16
59 13424 5397 13196 23864 235 280 325 18468.41 32.16
60 1231 17731 7792 17078 948 993 1038 6593.42 17.91
61 12227 997 20278 8145 1291 1336 1381 10766.27 22.92
62 20246 28555 3668 16426 162 207 252 20541.24 34.65
63 6144 20219 6886 25669 773 818 863 5500.28 16.6
64 2674 21059 13864 12573 93 138 183 14043.8 26.85
65 10553 22445 11149 20878 745 790 835 1676.52 12.01
66 10762 15865 2416 5914 -22 23 68 12987.61 25.59
67 21332 6797 23334 27416 752 797 842 20715.96 34.86
68 20605 7437 5911 12036 924 969 1014 15396.9 28.48
69 19799 3620 3802 9094 631 676 721 16907.65 30.29
70 22265 21723 8659 16781 244 289 334 14475.72 27.37
71 16250 23232 10229 3110 835 880 925 21003.51 35.2
72 17044 22882 5812 25194 593 638 683 11467.48 23.76
73 6501 26896 15918 18141 -19 26 71 12858.07 25.43
74 13215 554 18359 3243 15 60 105 5804.43 16.97
75 16947 21951 15591 21712 1219 1264 1309 1376.9 11.65
76 11861 4514 13915 13164 779 824 869 8890.52 20.67
77 4770 1270 1551 9759 207 252 297 9078.83 20.89
78 11167 26411 7520 22424 125 170 215 5403.4 16.48
79 4703 7768 22128 19691 259 304 349 21113.71 35.34
80 21044 25149 8117 18061 120 165 210 14742.7 27.69
81 6521 29820 7020 13617 1238 1283 1328 16210.68 29.45
82 6995 13925 2120 9291 909 954 999 6726.04 18.07
83 21457 26967 23213 28103 114 159 204 2091.42 12.51
84 15283 15591 14605 924 923 968 1013 14682.66 27.62
85 9386 581 4890 17320 1391 1436 1481 17332.29 30.8
86 5366 23115 15516 12325 795 840 885 14813.73 27.78
87 13233 17336 10353 1056 568 613 658 16532.78 29.84
88 9794 16275 17195 24855 1333 1378 1423 11330.98 23.6
89 7343 12868 15496 777 102 147 192 14582.99 27.5
90 20520 17359 18750 9261 237 282 327 8289.18 19.95
91 14627 2829 6473 11720 142 187 232 12063.9 24.48
92 13529 21753 13641 20054 18 63 108 1702.69 12.04
93 6344 18943 19882 17749 707 752 797 13590.55 26.31
94 3841 4802 17655 2317 1219 1264 1309 14035.73 26.84
95 19881 23474 19809 29841 186 231 276 6367.41 17.64
96 15896 28555 7993 28073 1350 1395 1440 7917.68 19.5
97 10667 29441 22895 27671 835 880 925 12355.44 24.83
98 17936 565 238 25373 1312 1357 1402 30473.86 46.57
99 18923 553 17064 5457 1263 1308 1353 5244.53 16.29
100 3222 5060 10312 26211 1337 1382 1427 22307.69 36.77
101 22944 12467 11121 17890 1338 1383 1428 13007.39 25.61
102 16567 1158 1037 776 1248 1293 1338 15534.7 28.64
103 955 28902 7456 19652 1342 1387 1432 11305.99 23.57
104 17091 4090 3576 15574 1262 1307 1352 17735.2 31.28
105 11910 6852 1748 1505 61 106 151 11482.89 23.78
106 11013 18703 14266 15112 557 602 647 4845.34 15.81
107 17343 14549 17232 2547 640 685 730 12002.51 24.4
108 12888 385 21850 13979 670 715 760 16282.33 29.54
109 23080 3252 12399 17882 714 759 804 18114.1 31.74
110 5278 5988 16225 12084 -16 29 74 12529.89 25.04
111 18935 1764 7385 10096 1334 1379 1424 14241.65 27.09
112 4811 11150 20429 954 1316 1361 1406 18651.55 32.38
113 11768 14675 21173 2586 -36 9 54 15316.59 28.38
114 605 18282 21660 17445 -23 22 67 21071.63 35.29
115 21975 27611 23018 27119 1254 1299 1344 1153.22 11.38
116 23373 27351 17468 1413 199 244 289 26601.67 41.92
117 2389 19483 896 25615 1230 1275 1320 6311.14 17.57
118 9271 26168 1200 22346 118 163 208 8930.21 20.72
119 19324 6275 3504 6423 854 899 944 15820.69 28.98
120 948 9603 3238 18056 104 149 194 8757.7 20.51
121 1662 20231 1275 26885 1346 1391 1436 6665.24 18.0
122 766 27606 19541 5691 -27 18 63 28857.72 44.63
123 2481 8449 9730 8221 762 807 852 7252.58 18.7
124 1862 5344 7527 10825 1370 1415 1460 7882.49 19.46
125 1356 16390 407 9290 845 890 935 7163.14 18.6
126 6633 20602 14558 5249 469 514 559 17277.74 30.73
127 20606 24098 9884 14800 1203 1248 1293 14192.04 27.03
128 6340 9916 11524 27524 1014 1059 1104 18355.26 32.03
129 862 11432 113 2035 1184 1229 1274 9426.8 21.31
130 3521 23299 5743 286 1018 1063 1108 23120.02 37.74
131 20808 1146 14669 8436 358 403 448 9530.55 21.44
132 12794 25339 2979 5040 362 407 452 22547.36 37.06
133 20246 3000 4508 22620 345 390 435 25152.12 40.18
134 1437 9227 14945 2916 1145 1190 1235 14909.55 27.89
135 599 12173 20953 21816 1074 1119 1164 22522.72 37.03
136 7003 15437 4884 12064 1198 1243 1288 3983.38 14.78
137 8690 5943 13838 28585 1023 1068 1113 23219.86 37.86
138 21946 22130 13661 11727 538 583 628 13299.01 25.96
139 5069 9172 19333 29042 993 1038 1083 24459.73 39.35
140 4776 16911 11773 9037 538 583 628 10533.65 22.64
141 23734 14493 11866 10693 1082 1127 1172 12461.52 24.95
142 13813 20980 23058 4107 1002 1047 1092 19239.75 33.09
143 6403 7516 22524 12732 534 579 624 16943.83 30.33
144 18042 13219 1051 1659 1155 1200 1245 20550.61 34.66
145 20509 3797 17405 18233 1106 1151 1196 14765.94 27.72
146 7416 7703 20666 17923 361 406 451 16733.53 30.08
147 10292 29488 3392 27277 463 508 553 7245.59 18.69
148 8955 16205 2558 16926 1155 1200 1245 6437.5 17.73
149 12744 27767 4815 14960 1048 1093 1138 15062.81 28.08
150 15353 21645 12741 15733 1210 1255 1300 6463.3 17.76
151 17908 22745 14009 23951 1120 1165 1210 4081.25 14.9
152 17905 27372 12703 12204 534 579 624 16035.24 29.24
153 4561 24318 23727 25 1083 1128 1173 30943.26 47.13
154 17997 8279 22213 25612 442 487 532 17838.37 31.41
155 5792 7914 9128 312 362 407 452 8301.76 19.96
156 18425 8526 17774 27161 488 533 578 18646.37 32.38
157 6437 10072 7856 24592 438 483 528 14589.17 27.51
158 13932 5531 11105 4001 475 520 565 3214.47 13.86
159 11942 16763 20385 15283 978 1023 1068 8571.74 20.29
160 23614 13404 5252 1255 991 1036 1081 22017.29 36.42
161 17862 25577 2479 7856 434 479 524 23466.37 38.16
162 15810 7683 19501 21730 994 1039 1084 14523.83 27.43
163 8214 18395 4845 26066 1018 1063 1108 8378.21 20.05
164 20826 11632 20328 19726 357 402 447 8109.31 19.73
165 14398 27880 13834 9063 1171 1216 1261 18825.45 32.59
166 14343 3862 284 14958 354 399 444 17910.24 31.49
167 23361 1778 23145 20429 1013 1058 1103 18652.25 32.38
168 19388 3471 23671 10126 447 492 537 7914.11 19.5
169 7367 22221 23071 4005 388 433 478 24050.74 38.86
170 12037 5094 10779 17945 1001 1046 1091 12912.43 25.49
171 23859 18394 10546 21118 1070 1115 1160 13588.82 26.31
172 22729 17580 9068 26438 514 559 604 16281.5 29.54
173 3438 7368 17920 29487 1101 1146 1191 26438.2 41.73
174 4853 20567 2365 22177 1026 1071 1116 2963.49 13.56
175 5931 9538 14328 19987 500 545 590 13404.9 26.09
176 14929 28441 1808 18416 417 462 507 16512.46 29.81
177 22291 17037 21947 26298 1155 1200 1245 9267.39 21.12
178 352 18251 23924 9088 403 448 493 25290.31 40.35
179 19529 29206 2690 14065 1211 1256 1301 22645.13 37.17
180 14527 6376 10659 22858 1058 1103 1148 16929.79 30.32
181 2305 22495 12547 25905 1131 1176 1221 10794.75 22.95
182 8277 22836 8453 29451 1173 1218 1263 6617.34 17.94
183 19678 17392 6021 21485 325 370 415 14257.15 27.11
184 21804 16780 5083 12944 486 531 576 17155.37 30.59
185 648 20011 10701 13085 1168 1213 1258 12207.88 24.65
186 11573 19435 1440 29536 385 430 475 14307.62 27.17
187 4002 18521 19486 8183 1149 1194 1239 18617.96 32.34
188 9409 16139 18157 12008 490 535 580 9674.33 21.61
189 10064 11317 13705 10552 474 519 564 3720.5 14.46
190 22146 2562 321 1876 1144 1189 1234 21835.78 36.2
191 21117 26307 14217 335 342 387 432 26872.94 42.25
192 13097 25137 16008 13676 1175 1220 1265 11824.91 24.19
193 6828 24575 12827 11343 334 379 424 14528.38 27.43
194 1588 1679 15978 13171 1039 1084 1129 18415.7 32.1
195 6493 4282 5491 21100 987 1032 1077 16847.82 30.22
196 13088 24587 21487 4973 380 425 470 21336.64 35.6
197 15070 17588 3048 13079 370 415 460 12839.76 25.41
198 4016 7338 16389 3604 1165 1210 1255 12924.16 25.51
199 11137 3119 19141 20812 447 492 537 19419.22 33.3
200 13973 10404 13906 16141 1163 1208 1253 5737.39 16.88
201 9331 10283 327 2274 1052 1097 1142 12050.56 24.46
202 23277 1484 2535 3762 1055 1100 1145 20866.72 35.04
203 6419 3343 3240 2926 1015 1060 1105 3206.23 13.85
204 22826 22503 17321 27261 1162 1207 1252 7276.23 18.73
205 9247 13799 1925 27587 996 1041 1086 15611.55 28.73
206 13620 15232 11803 20537 435 480 525 5607.54 16.73
207 18012 4508 21237 2003 490 535 580 4083.58 14.9
208 20190 21845 15603 19374 333 378 423 5210.22 16.25
209 18621 15555 19836 8843 1101 1146 1191 6821.08 18.19
210 12232 25493 9641 13250 1075 1120 1165 12514.17 25.02
211 7990 25057 1326 2890 1147 1192 1237 23147.03 37.78
212 17632 10490 8023 25090 1120 1165 1210 17478.35 30.97
213 6927 28846 17795 561 361 406 451 30301.07 46.36
214 14726 22375 19424 29403 1154 1199 1244 8453.64 20.14
215 3167 13966 10559 1690 1116 1161 1206 14329.75 27.2
216 4148 8410 22752 3722 1198 1243 1288 19185.57 33.02
217 17482 27864 995 845 397 442 487 31651.98 47.98
218 860 20146 2740 11347 1160 1205 1250 8997.6 20.8
219 14106 13817 20418 14091 512 557 602 6317.94 17.58
220 8004 1779 4162 15249 425 470 515 14007.21 26.81
221 13301 23619 19049 11239 1070 1115 1160 13649.32 26.38
222 13142 10031 12817 8291 1121 1166 1211 1770.09 12.12
223 7964 25559 19341 24041 1101 1146 1191 11477.82 23.77
224 23345 15047 12004 29519 438 483 528 18386.33 32.06
225 630 8162 15584 10168 978 1023 1068 15087.95 28.11
226 2761 18940 23204 16803 523 568 613 20554.39 34.67
227 11949 7358 19253 27473 1060 1105 1150 21400.04 35.68
228 4998 12072 10672 25742 1137 1182 1227 14800.78 27.76
229 16820 23053 2575 21863 1207 1252 1297 14294.62 27.15
230 22474 4930 20597 4329 461 506 551 1970.87 12.37
231 11906 6809 11720 13228 423 468 513 6421.69 17.71
232 7752 21098 11182 22662 1070 1115 1160 3769.75 14.52
233 2113 4407 7402 25522 519 564 609 21767.33 36.12
234 10917 7422 21147 25886 523 568 613 21108.58 35.33
235 14696 25777 6695 26158 1027 1072 1117 8010.07 19.61
236 18828 8413 18165 16668 976 1021 1066 8281.58 19.94
237 2419 213 15221 4801 369 414 459 13599.3 26.32
238 13901 10820 11367 25009 522 567 612 14413.5 27.3
239 12606 21496 16344 10818 1090 1135 1180 11313.37 23.58
240 22095 17061 23485 12820 512 557 602 4462.98 15.36
241 12499 12184 7035 13602 996 1041 1086 5645.0 16.77
242 16081 16534 1691 2603 456 501 546 20028.6 34.03
243 910 25972 6982 26807 428 473 518 6129.14 17.35
244 11604 15882 18569 4799 333 378 423 13089.85 25.71
245 8651 3502 14770 2914 1194 1239 1284 6147.19 17.38
246 7739 18764 12970 16244 1214 1259 1304 5806.36 16.97
247 20783 28587 18273 18896 1123 1168 1213 10010.77 22.01
248 18103 27638 13387 9247 398 443 488 18986.04 32.78
249 2636 24565 4071 27100 1071 1116 1161 2912.98 13.5
250 4803 25519 4839 20838 475 520 565 4681.14 15.62
