1000 15
12000 15000
1 20145 15825 2553 25311 566 611 656 19986.56 33.98
2 1197 2654 22714 26879 1312 1357 1402 32401.11 48.88
3 19227 7357 18421 27645 173 218 263 20304.0 34.36
4 12024 3319 2701 26529 23 68 113 25012.45 40.01
5 23738 15421 16026 29028 584 629 674 15640.5 28.77
6 13231 8357 14261 8649 932 977 1022 1070.59 11.28
7 23536 8091 12826 10738 958 1003 1048 11032.26 23.24
8 7694 136 18881 10164 162 207 252 15023.64 28.03
9 5708 2617 7209 22314 136 181 226 19754.11 33.7
10 6648 27373 15272 4769 1261 1306 1351 24193.27 39.03
11 17265 14904 22707 26030 217 262 307 12385.61 24.86
12 14450 29932 7668 6060 882 927 972 24816.69 39.78
13 10915 24492 15923 15215 18 63 108 10542.43 22.65
14 565 13224 11985 19180 886 931 976 12879.84 25.46
15 15096 22310 837 25853 128 173 218 14692.58 27.63
16 8394 2045 15543 6629 674 719 764 8492.42 20.19
17 21598 27240 22892 3310 1248 1293 1338 23964.96 38.76
18 15942 24127 7579 18703 1333 1378 1423 9967.93 21.96
19 14615 16532 17101 19342 185 230 275 3751.84 14.5
20 22948 6343 20331 10814 832 877 922 5180.59 16.22
21 8727 7022 21274 10354 307 352 397 12981.89 25.58
22 15948 7951 18894 4266 206 251 296 4717.85 15.66
23 17944 21141 13691 14424 817 862 907 7950.23 19.54
24 11160 15457 4516 16506 15 60 105 6726.3 18.07
25 10570 5815 15243 27190 176 221 266 21879.84 36.26
26 21614 6107 2232 10872 -37 8 53 19959.14 33.95
27 7027 8439 18599 29252 93 138 183 23813.7 38.58
28 14698 4312 18733 3196 303 348 393 4186.49 15.02
29 18663 4500 23025 6517 7 52 97 4805.76 15.77
30 5421 12988 10298 13833 916 961 1006 4949.66 15.94
31 20410 12662 21659 19661 944 989 1034 7109.57 18.53
32 1695 8539 12295 23240 1328 1373 1418 18124.0 31.75
33 22603 6130 10082 24175 111 156 201 21963.55 36.36
34 23588 17000 7079 15958 1268 1313 1358 16541.85 29.85
35 12691 12306 18890 15729 611 656 701 7081.28 18.5
36 8465 10361 5732 13837 1234 1279 1324 4421.75 15.31
37 14506 19158 13815 28961 120 165 210 9827.32 21.79
38 20964 23721 12181 580 575 620 665 24751.71 39.7
39 10232 23088 13915 24408 1379 1424 1469 3912.4 14.69
40 6501 268 18404 24442 796 841 886 26945.57 42.33
41 11699 855 12952 26229 23 68 113 25404.92 40.49
42 1612 7080 21269 19654 1361 1406 1451 23334.59 38.0
43 18009 15160 18161 876 130 175 220 14284.81 27.14
44 7037 5310 18465 25641 1236 1281 1326 23322.71 37.99
45 8908 23514 12391 7509 72 117 162 16379.6 29.66
46 3512 24373 4119 20179 1294 1339 1384 4237.7 15.09
47 22423 2853 660 10652 1371 1416 1461 23118.23 37.74
48 13364 4664 21434 20060 1330 1375 1420 17382.8 30.86
49 9857 18704 22296 29808 145 190 235 16674.16 30.01
50 17012 5625 20611 7903 248 293 338 4259.35 15.11
51 21471 29058 3214 29261 1225 1270 1315 18258.13 31.91
52 18622 16746 12469 27827 1341 1386 1431 12674.7 25.21
53 12337 13260 5397 23507 646 691 736 12375.97 24.85
54 11368 10092 9781 24287 1260 1305 1350 14283.44 27.14
55 14351 24843 13407 18694 963 1008 1053 6221.04 17.47
56 22133 24001 3423 594 577 622 667 29965.84 45.96
57 17867 28755 10702 21707 1338 1383 1428 10050.45 22.06
58 3826 7035 1445 29730 734 779 824 22819.56 37.38
59 3624 9829 22533 10247 782 827 872 18913.62 32.7
60 10009 25796 5256 22811 1312 1357 1402 5612.6 16.74
61 8812 24932 12904 15709 116 161 206 10090.0 22.11
62 7379 10 22780 24862 1225 1270 1315 29237.18 45.08
63 19518 7117 23273 17272 236 281 326 10827.01 22.99
64 18159 24985 12142 13577 797 842 887 12897.55 25.48
65 23849 16412 13431 21911 856 901 946 11780.23 24.14
66 3457 9109 2246 19128 930 975 1020 10091.92 22.11
67 9053 28049 23839 20863 690 735 780 16439.72 29.73
68 13215 16539 15687 23588 1317 1362 1407 7469.89 18.96
69 11952 7801 14051 13597 1256 1301 1346 6164.37 17.4
70 8762 7928 21485 175 244 289 334 14899.12 27.88
71 3862 13725 13337 2240 197 242 287 14888.95 27.87
72 1083 9743 11664 1613 90 135 180 13343.7 26.01
73 3821 11188 13280 25174 612 657 702 16884.34 30.26
74 19591 28313 23060 10322 1319 1364 1409 18322.39 31.99
75 2647 1619 21514 20778 806 851 896 26889.24 42.27
76 14619 13226 17681 24844 1389 1434 1479 12014.73 24.42
77 4781 5080 6259 21119 276 321 366 16106.96 29.33
78 21802 4006 11562 24283 1242 1287 1332 22715.95 37.26
79 7165 28880 4155 5093 1252 1297 1342 23976.69 38.77
80 15393 28740 15081 15069 594 639 684 13674.56 26.41
81 20488 20855 1820 12480 -12 33 78 20460.57 34.55
82 1681 27324 8378 632 686 731 776 27519.31 43.02
83 13985 3877 10286 6556 752 797 842 4567.24 15.48
84 15259 13086 7527 18968 1312 1357 1402 9715.03 21.66
85 2340 29933 15671 9934 151 196 241 24034.88 38.84
86 16070 1986 7917 1019 733 778 823 8210.15 19.85
87 20166 10930 7567 17864 687 732 777 14381.07 27.26
88 4678 3950 1 5311 849 894 939 4871.0 15.85
89 14472 667 14179 8565 802 847 892 7903.43 19.48
90 938 5517 4618 22651 1309 1354 1399 17524.74 31.03
91 12139 27551 18714 5137 1215 1260 1305 23358.47 38.03
92 9400 23281 16472 13352 1266 1311 1356 12190.09 24.63
93 15090 29134 22018 6960 42 87 132 23231.09 37.88
94 5980 24056 19912 12267 779 824 869 18250.51 31.9
95 19440 10171 20644 8622 1294 1339 1384 1961.89 12.35
96 61 27876 21524 22972 1265 1310 1355 22016.12 36.42
97 11165 24439 1851 3309 923 968 1013 23091.72 37.71
98 22536 26756 8672 7449 85 130 175 23769.11 38.52
99 10421 17853 22842 15048 1234 1279 1324 12733.78 25.28
100 14592 4746 18209 11656 894 939 984 7799.41 19.36
101 5947 8793 22710 28695 1302 1347 1392 26020.91 41.23
102 8407 11682 19984 15291 -35 10 55 12126.49 24.55
103 7626 17979 18905 10972 58 103 148 13278.32 25.93
104 1863 22989 594 28599 142 187 232 5751.74 16.9
105 23166 16069 12965 6260 26 71 116 14151.92 26.98
106 1381 6555 14994 27356 286 331 376 24859.51 39.83
107 17233 11390 20288 2783 696 741 786 9133.1 20.96
108 13677 14972 826 16572 1259 1304 1349 12950.22 25.54
109 12629 12197 22280 16458 610 655 700 10549.78 22.66
110 6145 15011 13026 11479 1383 1428 1473 7734.54 19.28
111 21262 809 8086 27424 1267 1312 1357 29697.9 45.64
112 3134 3603 13429 17985 180 225 270 17686.97 31.22
113 4675 16565 11374 14621 1308 1353 1398 6975.37 18.37
114 13152 22878 18447 17902 302 347 392 7266.2 18.72
115 9607 23320 10080 8685 1263 1308 1353 14642.64 27.57
116 20293 27761 8645 22982 1388 1433 1478 12590.26 25.11
117 23287 12107 3020 19841 43 88 133 21692.53 36.03
118 10373 21590 7059 13931 1230 1275 1320 8345.23 20.01
119 19643 2246 14537 20010 275 320 365 18483.26 32.18
120 20557 5188 14110 20435 111 156 201 16554.0 29.86
121 14651 18349 4530 13628 595 640 685 11167.92 23.4
122 804 13377 18026 16878 1254 1299 1344 17574.25 31.09
123 2980 15809 22168 3945 38 83 128 22559.56 37.07
124 19989 7011 9131 9053 -44 1 46 11048.35 23.26
125 11067 18116 22220 15125 132 177 222 11547.1 23.86
126 21587 9539 9591 16425 853 898 943 13831.88 26.6
127 1846 569 23740 24979 193 238 283 32790.17 49.35
128 611 18583 7823 27746 800 845 890 11660.77 23.99
129 2564 12078 9700 10168 1269 1314 1359 7387.19 18.86
130 18682 27310 2606 18505 945 990 1035 18329.37 32.0
131 1556 9159 12463 27026 948 993 1038 20933.04 35.12
132 5806 17718 8216 21786 937 982 1027 4728.29 15.67
133 2882 1 4078 20497 1280 1325 1370 20530.87 34.64
134 23318 6222 2988 20523 944 989 1034 24856.14 39.83
135 15573 7573 326 12203 302 347 392 15934.49 29.12
136 12354 12452 7397 5844 237 282 327 8260.6 19.91
137 13726 4138 21541 25083 1303 1348 1393 22355.47 36.83
138 6939 1602 9877 14244 1330 1375 1420 12978.91 25.57
139 4435 16293 8303 23439 -23 22 67 8125.68 19.75
140 682 13356 12907 26540 1387 1432 1477 17979.67 31.58
141 9698 1675 13490 7281 923 968 1013 6768.05 18.12
142 11946 21306 3321 26632 1222 1267 1312 10136.91 22.16
143 225 23399 21364 4097 617 662 707 28625.59 44.35
144 7155 23939 18304 18403 561 606 651 12447.79 24.94
145 14651 11096 23830 2734 23 68 113 12416.81 24.9
146 8616 5151 21767 1851 940 985 1030 13558.72 26.27
147 16048 21963 8864 25330 1277 1322 1367 7933.89 19.52
148 13140 4845 4289 25793 215 260 305 22741.13 37.29
149 6770 3482 12853 354 39 84 129 6840.12 18.21
150 560 7607 15890 16307 1344 1389 1434 17626.65 31.15
151 7003 17805 1149 26577 1316 1361 1406 10545.96 22.66
152 12697 21277 2819 20648 71 116 161 9898.01 21.88
153 4088 472 4787 6744 932 977 1022 6310.83 17.57
154 9470 137 2953 8732 909 954 999 10786.35 22.94
155 14384 7769 226 6078 827 872 917 14258.63 27.11
156 22295 12604 19217 2619 230 275 320 10448.65 22.54
157 13077 12262 5004 28711 725 770 815 18323.29 31.99
158 15565 20404 2885 27463 1261 1306 1351 14512.47 27.41
159 15202 10065 18344 13374 597 642 687 4563.07 15.48
160 383 29419 11347 25150 155 200 245 11765.78 24.12
161 8051 4361 10853 25746 16 61 106 21567.79 35.88
162 5296 3612 18258 12696 -37 8 53 15828.22 28.99
163 6408 2969 6950 19976 1227 1272 1317 17015.63 30.42
164 5263 26882 12320 2122 263 308 353 25746.05 40.9
165 14795 24235 12275 8176 1229 1274 1319 16255.52 29.51
166 19076 12659 5237 20410 1327 1372 1417 15861.78 29.03
167 4710 11164 18520 5797 181 226 271 14816.23 27.78
168 9147 12775 18360 6882 834 879 924 10936.49 23.12
169 5855 2283 11724 9416 1376 1421 1466 9237.15 21.08
170 15878 11583 4561 2064 266 311 356 14788.03 27.75
171 10055 8999 8151 5184 249 294 339 4263.74 15.12
172 19344 5454 17825 4820 1229 1274 1319 1646.0 11.98
173 10991 4674 1986 567 169 214 259 9897.35 21.88
174 17740 21598 18993 6517 674 719 764 15132.96 28.16
175 4140 3870 14668 12468 704 749 794 13592.81 26.31
176 7236 13669 6834 21967 629 674 719 8307.73 19.97
177 8835 25221 3856 6980 685 730 775 18908.32 32.69
178 2304 19770 19203 24040 911 956 1001 17430.12 30.92
179 5123 7010 12350 18397 72 117 162 13486.78 26.18
180 10442 7171 21206 14036 587 632 677 12766.83 25.32
181 16642 12590 2983 21824 1301 1346 1391 16487.42 29.78
182 12725 17008 1047 11348 1376 1421 1466 12977.34 25.57
183 527 23230 14828 18580 673 718 763 15037.99 28.05
184 14861 4838 20382 5778 219 264 309 5600.45 16.72
185 1577 14474 16480 25313 720 765 810 18427.79 32.11
186 11317 15770 10098 25489 925 970 1015 9795.15 21.75
187 18737 24010 4808 16367 932 977 1022 15888.12 29.07
188 18135 12066 18167 19871 677 722 767 7805.07 19.37
189 21687 21396 3647 26711 282 327 372 18806.67 32.57
190 9534 1825 9970 17419 229 274 319 15600.09 28.72
191 623 8427 9055 18502 918 963 1008 13137.89 25.77
192 12322 26347 20935 6102 1300 1345 1390 22001.0 36.4
193 1568 10703 21550 23414 1220 1265 1310 23682.27 38.42
194 4187 4752 22498 6175 1371 1416 1461 18366.21 32.04
195 1870 16000 9843 17364 210 255 300 8088.83 19.71
196 6425 300 16134 6539 45 90 135 11540.79 23.85
197 19319 22918 22328 4333 555 600 645 18827.01 32.59
198 7576 9413 20185 24458 1377 1422 1467 19630.05 33.56
199 21648 14178 7910 27390 661 706 751 19060.16 32.87
200 5984 999 2445 16810 1272 1317 1362 16202.23 29.44
201 20549 1510 15171 19874 124 169 214 19135.29 32.96
202 18450 25134 7055 23769 953 998 1043 11476.47 23.77
203 8154 4288 2916 1537 575 620 665 5916.47 17.1
204 21242 9710 14657 24995 727 772 817 16643.12 29.97
205 20989 2199 12340 17703 1338 1383 1428 17753.29 31.3
206 900 23690 1838 19348 1275 1320 1365 4442.16 15.33
207 14305 9479 21497 12498 -39 6 51 7799.95 19.36
208 13327 8954 11413 28234 1389 1434 1479 19374.77 33.25
209 18484 10043 9787 5078 1338 1383 1428 10014.44 22.02
210 20421 20532 1074 11534 1276 1321 1366 21337.07 35.6
211 4280 12809 16949 24365 844 889 934 17147.73 30.58
212 15644 21680 22407 12432 1369 1414 1459 11457.04 23.75
213 9821 5385 3560 19773 49 94 139 15691.23 28.83
214 19238 25430 2399 12320 1247 1292 1337 21340.67 35.61
215 15441 6547 15799 4188 280 325 370 2386.01 12.86
216 17114 18319 1044 5121 1302 1347 1392 20795.0 34.95
217 6453 16762 2110 22996 1251 1296 1341 7597.66 19.12
218 15973 29870 10212 16001 688 733 778 15017.93 28.02
219 14189 15085 7244 4391 60 105 150 12751.26 25.3
220 16025 13712 16343 4080 965 1010 1055 9637.25 21.56
221 22402 5091 5255 23231 629 674 719 24961.55 39.95
222 11094 3378 1514 21882 -36 9 54 20836.85 35.0
223 3524 12500 9768 26666 165 210 255 15481.06 28.58
224 17443 17211 8526 18425 657 702 747 8999.26 20.8
225 10303 5140 11831 15177 1215 1260 1305 10152.64 22.18
226 19641 4294 2725 29592 840 885 930 30432.55 46.52
227 3170 13769 5060 6874 -32 13 58 7149.34 18.58
228 5638 17816 16094 10930 92 137 182 12519.78 25.02
229 20447 8231 18896 23988 236 281 326 15833.15 29.0
230 2630 15225 380 3385 46 91 136 12051.89 24.46
231 21073 21519 15157 427 250 295 340 21905.97 36.29
232 21225 21334 505 23825 1304 1349 1394 20869.2 35.04
233 23073 26049 15025 3336 962 1007 1052 24096.69 38.92
234 1007 12951 4432 20317 1309 1354 1399 8123.34 19.75
235 7555 24348 7640 28715 1316 1361 1406 4367.83 15.24
236 1704 19545 3490 4584 -33 12 57 15067.23 28.08
237 437 8105 22500 15821 1338 1383 1428 23373.33 38.05
238 14504 27702 20044 7739 85 130 175 20717.46 34.86
239 16176 587 5317 4822 234 279 324 11655.6 23.99
240 9329 28310 16177 9858 857 902 947 19681.75 33.62
241 20065 28738 12404 27268 14 59 104 7800.76 19.36
242 13184 14796 10270 13017 1274 1319 1364 3414.12 14.1
243 21586 3622 1399 7239 925 970 1015 20508.48 34.61
244 8163 6808 11891 21346 1366 1411 1456 15008.38 28.01
245 18909 4922 1718 1657 1233 1278 1323 17498.31 31.0
246 14429 16089 6510 6644 1295 1340 1385 12325.53 24.79
247 15241 3676 6535 28125 149 194 239 25952.8 41.14
248 7933 1808 10703 19530 232 277 322 17937.17 31.52
249 6086 9741 8397 3695 269 314 359 6472.62 17.77
250 16944 17337 6297 26585 1238 1283 1328 14102.63 26.92
251 21099 22649 8455 20710 227 272 317 12791.81 25.35
252 892 23072 11224 6679 582 627 672 19377.32 33.25
253 20017 13881 23950 25159 1256 1301 1346 11944.11 24.33
254 18920 21854 8856 24024 -14 31 76 10295.29 22.35
255 13790 2666 20935 21245 95 140 185 19905.53 33.89
256 12892 8802 12110 29157 111 156 201 20370.02 34.44
257 1881 4757 14374 16275 1381 1426 1471 16992.33 30.39
258 3011 9955 21058 4949 581 626 671 18728.43 32.47
259 16753 16711 2276 20440 1271 1316 1361 14949.55 27.94
260 1630 7843 11555 11201 869 914 959 10477.68 22.57
261 21621 11850 22320 16730 134 179 224 4929.81 15.92
262 12659 11242 8703 11095 1279 1324 1369 3958.73 14.75
263 11302 17435 2880 11809 913 958 1003 10128.28 22.15
264 15581 29977 5869 4992 1335 1380 1425 26806.22 42.17
265 21258 24724 4803 28820 755 800 845 16957.13 30.35
266 4261 8266 15944 28238 204 249 294 23138.13 37.77
267 8796 22204 18734 22977 1356 1401 1446 9968.02 21.96
268 10380 6860 5983 8669 228 273 318 4754.59 15.71
269 3869 29219 22261 5758 1302 1347 1392 29810.81 45.77
270 22448 28882 17982 5742 63 108 153 23567.03 38.28
271 19448 21267 20317 28633 179 224 269 7417.08 18.9
272 1528 432 15832 2325 1221 1266 1311 14428.72 27.31
273 23115 6288 5310 17426 1242 1287 1332 21001.74 35.2
274 2923 5716 5667 22679 1249 1294 1339 17183.51 30.62
275 23320 12044 18443 26800 95 140 185 15541.06 28.65
276 11827 16771 18886 9744 190 235 280 9960.33 21.95
277 6053 16230 285 16799 1250 1295 1340 5796.0 16.96
278 8641 12056 23468 26857 654 699 744 20950.17 35.14
279 10559 6293 3582 12949 739 784 829 9642.66 21.57
280 4351 2969 5345 10443 1283 1328 1373 7539.81 19.05
281 16664 4362 17612 26248 -20 25 70 21906.52 36.29
282 13883 23503 11974 25572 821 866 911 2815.15 13.38
283 11336 16767 1993 13885 64 109 154 9777.4 21.73
284 15009 24676 6229 5513 1394 1439 1484 21078.64 35.29
285 12845 18259 9033 5234 571 616 661 13571.37 26.29
286 21004 2426 12356 747 848 893 938 8809.48 20.57
287 6205 22030 3367 2214 1267 1312 1357 20018.19 34.02
288 7621 16362 1356 3125 687 732 777 14644.74 27.57
289 4684 9833 8056 5738 1382 1427 1472 5304.66 16.37
290 14967 1047 3272 17722 175 220 265 20367.34 34.44
291 6092 25638 4589 7666 934 979 1024 18034.74 31.64
292 105 22121 6004 8752 1319 1364 1409 14612.61 27.54
293 4667 27234 14454 20476 724 769 814 11893.52 24.27
294 13139 29927 8864 15430 840 885 930 15114.19 28.14
295 13507 22124 15978 3851 716 761 806 18439.32 32.13
296 11681 25364 6149 12525 680 725 770 13980.09 26.78
297 20696 6615 2964 54 159 204 249 18906.89 32.69
298 16583 1730 13284 25772 1360 1405 1450 24267.29 39.12
299 16954 7032 19990 15703 895 940 985 9187.14 21.02
300 18787 16968 2538 13175 860 905 950 16685.83 30.02
301 1228 458 9628 23399 99 144 189 24430.5 39.32
302 5229 5047 11841 19042 1324 1369 1414 15478.33 28.57
303 8044 7044 19857 12571 256 301 346 13042.04 25.65
304 22026 19256 10765 21021 304 349 394 11398.48 23.68
305 1882 26541 2331 512 291 336 381 26032.87 41.24
306 23373 25170 20949 6847 954 999 1044 18482.64 32.18
307 12144 14455 17707 8964 1227 1272 1317 7816.52 19.38
308 11533 20673 16526 20881 1276 1321 1366 4997.33 16.0
309 3317 28365 2694 305 1239 1284 1329 28066.92 43.68
310 12786 5865 5005 26686 -35 10 55 22227.42 36.67
311 12623 8600 18116 5666 1235 1280 1325 6227.47 17.47
312 6645 8791 8536 1072 764 809 854 7947.25 19.54
313 8464 8269 7091 3706 197 242 287 4765.09 15.72
314 17568 7756 9025 6029 771 816 861 8715.81 20.46
315 19278 26595 17272 8440 769 814 859 18265.49 31.92
316 700 24307 13129 24417 1217 1262 1307 12429.49 24.92
317 13139 14194 17593 20798 1274 1319 1364 7965.61 19.56
318 2292 20158 10576 27809 659 704 749 11276.63 23.53
319 12022 27861 11916 9079 12 57 102 18782.3 32.54
320 6297 3066 15694 12595 811 856 901 13383.03 26.06
321 13093 1978 12006 21428 1381 1426 1471 19480.35 33.38
322 19981 20705 15704 25019 1386 1431 1476 6074.81 17.29
323 1008 1893 18289 5737 1225 1270 1315 17703.37 31.24
324 14850 22591 17049 21886 1285 1330 1375 2309.25 12.77
325 18287 28029 16061 2891 783 828 873 25236.37 40.28
326 12851 22832 4865 25005 902 947 992 8276.36 19.93
327 4001 29679 3471 6317 2 47 92 23368.01 38.04
328 22638 1319 19782 3747 649 694 739 3748.59 14.5
329 21076 4234 15709 2012 747 792 837 5808.78 16.97
330 23759 11799 12167 26920 817 862 907 19053.06 32.86
331 23450 15460 8876 24173 238 283 328 16979.92 30.38
332 15832 29845 16772 16167 230 275 320 13710.26 26.45
333 22383 9669 5000 14848 1343 1388 1433 18138.1 31.77
334 15303 641 19958 19527 899 944 989 19451.22 33.34
335 13893 14400 22250 8673 1361 1406 1451 10131.04 22.16
336 11934 6946 22280 27570 185 230 275 23073.56 37.69
337 6945 17164 3079 4013 174 219 264 13707.47 26.45
338 19373 24550 12182 5047 795 840 885 20786.47 34.94
339 7608 28277 3364 8546 -9 36 81 20182.27 34.22
340 8487 14161 248 7519 971 1016 1061 10582.88 22.7
341 21020 17651 18784 3434 702 747 792 14391.76 27.27
342 21731 10444 2200 4908 1337 1382 1427 20300.43 34.36
343 16529 20343 2912 8620 718 763 808 17968.07 31.56
344 2540 22715 17638 5222 1253 1298 1343 23107.46 37.73
345 16518 29202 10338 13552 -2 43 88 16826.02 30.19
346 14625 18063 10184 29520 1362 1407 1452 12287.61 24.75
347 34 13409 23848 26618 1249 1294 1339 27232.05 42.68
348 21952 24414 9201 6735 1369 1414 1459 21797.59 36.16
349 4630 20707 7724 26441 723 768 813 6515.49 17.82
350 1519 21221 16486 10562 612 657 702 18374.58 32.05
351 663 26061 5331 24748 310 355 400 4849.14 15.82
352 2253 5309 9950 18669 568 613 658 15418.61 28.5
353 14353 17436 16662 17778 1334 1379 1424 2334.19 12.8
354 17127 7585 6578 9306 583 628 673 10688.46 22.83
355 12917 1142 13558 17212 1217 1262 1307 16082.78 29.3
356 2936 26056 14203 450 745 790 835 27975.21 43.57
357 17899 1844 11370 9166 1275 1320 1365 9810.17 21.77
358 7788 1295 462 6469 1 46 91 8968.87 20.76
359 8160 7882 20228 23838 1276 1321 1366 20005.76 34.01
360 20057 10379 4728 26905 1366 1411 1456 22540.78 37.05
361 22459 21143 19007 12230 64 109 154 9558.13 21.47
362 22199 16514 12052 13441 254 299 344 10602.12 22.72
363 1343 20411 20153 5652 52 97 142 23909.08 38.69
364 7070 2423 20907 14554 613 658 703 18401.73 32.08
365 4229 8265 11118 21325 1258 1303 1348 14765.57 27.72
366 15235 24170 8223 22748 955 1000 1045 7154.73 18.59
367 11486 17895 12963 5040 44 89 134 12939.57 25.53
368 4456 12343 12943 10731 32 77 122 8638.73 20.37
369 486 1449 5459 416 1265 1310 1355 5079.16 16.09
370 17039 28166 3820 18767 9 54 99 16219.84 29.46
371 508 22480 15448 14459 723 768 813 16957.01 30.35
372 22509 13993 35 21252 1326 1371 1416 23617.23 38.34
373 9823 28504 18738 2622 1231 1276 1321 27374.35 42.85
374 7160 26705 16041 18360 706 751 796 12186.52 24.62
375 3421 19761 9050 5326 39 84 129 15493.7 28.59
376 15339 27024 4274 6381 672 717 762 23421.52 38.11
377 8144 537 21843 27522 876 921 966 30263.06 46.32
378 8639 18120 6880 29793 300 345 390 11804.79 24.17
379 20712 24285 22655 19921 1338 1383 1428 4777.0 15.73
380 2180 8185 22822 662 934 979 1024 21970.15 36.36
381 13866 16658 19532 17720 92 137 182 5764.67 16.92
382 9199 14402 2344 13157 142 187 232 6967.14 18.36
383 8842 5945 3387 5129 820 865 910 5515.69 16.62
384 8559 19276 23770 2743 701 746 791 22465.85 36.96
385 22149 8344 9885 21227 1282 1327 1372 17787.0 31.34
386 11795 1052 15510 18964 763 808 853 18293.19 31.95
387 2793 13002 16716 25618 896 941 986 18788.65 32.55
388 5164 14119 14762 28959 1382 1427 1472 17673.35 31.21
389 18556 22335 18851 9398 664 709 754 12940.36 25.53
390 16502 5156 18223 9612 1286 1331 1376 4776.8 15.73
391 5619 27899 22686 13152 1290 1335 1380 22555.63 37.07
392 7315 3122 9850 16033 795 840 885 13157.51 25.79
393 4700 12162 12569 5842 924 969 1014 10092.75 22.11
394 3442 15703 12571 12693 1252 1297 1342 9612.43 21.53
395 87 16172 9754 29182 1240 1285 1330 16208.36 29.45
396 11898 22437 18740 9187 1294 1339 1384 14912.26 27.89
397 8892 8034 21598 1793 97 142 187 14156.01 26.99
398 21983 28001 4038 8294 184 229 274 26653.12 41.98
399 20852 25626 22041 26221 918 963 1008 1329.57 11.6
400 16678 28728 7945 11282 79 124 169 19509.7 33.41
401 7369 26611 4346 23838 8 53 98 4102.2 14.92
402 20683 5080 18609 18571 948 993 1038 13649.49 26.38
403 18810 1787 11770 29639 1218 1263 1308 28727.96 44.47
404 4286 281 5022 17824 925 970 1015 17558.43 31.07
405 8700 25738 23703 8104 11 56 101 23152.71 37.78
406 3231 18235 22903 20955 846 891 936 19859.15 33.83
407 4152 22745 6375 22133 1311 1356 1401 2305.7 12.77
408 11064 10516 5702 26538 763 808 853 16895.43 30.27
409 18017 17159 8535 21998 803 848 893 10645.39 22.77
410 21858 8960 347 2359 -39 6 51 22501.03 37.0
411 3835 2080 7772 24895 1298 1343 1388 23152.2 37.78
412 7768 789 12824 2516 262 307 352 5342.81 16.41
413 13914 2938 9013 18142 214 259 304 15974.4 29.17
414 6549 24141 16586 16138 161 206 251 12837.03 25.4
415 10295 6228 14931 11841 555 600 645 7279.99 18.74
416 21669 23452 12298 16764 838 883 928 11512.82 23.82
417 9514 10495 22480 10331 1311 1356 1401 12967.04 25.56
418 1947 8055 10410 29894 1308 1353 1398 23421.45 38.11
419 5588 2302 18209 15849 49 94 139 18515.15 32.22
420 1349 17372 2121 5317 1239 1284 1329 12079.69 24.5
421 10187 5452 7009 5714 697 742 787 3188.78 13.83
422 21074 18135 12979 13907 1333 1378 1423 9132.63 20.96
423 22833 17819 22960 16180 150 195 240 1643.91 11.97
424 14788 2294 3281 5736 224 269 314 12010.76 24.41
425 22891 26045 7870 19947 28 73 118 16211.6 29.45
426 23835 13899 14261 15409 887 932 977 9692.35 21.63
427 17702 5348 2054 29684 270 315 360 28932.69 44.72
428 3854 25086 22211 2313 57 102 147 29250.45 45.1
429 3955 25803 16946 26536 1366 1411 1456 13011.66 25.61
430 10496 26071 19735 13646 92 137 182 15483.53 28.58
431 578 1299 4899 10720 2 47 92 10364.67 22.44
432 16806 18644 20109 19482 1327 1372 1417 3407.65 14.09
433 13718 17553 7743 15244 828 873 918 6405.63 17.69
434 18194 21207 12573 24370 295 340 385 6449.82 17.74
435 8517 17409 1841 10324 634 679 724 9734.79 21.68
436 15093 8138 2914 29370 46 91 136 24477.05 39.37
437 103 1492 16251 12112 1374 1419 1464 19327.24 33.19
438 22908 24392 13370 14130 113 158 203 14010.07 26.81
439 22284 7498 18128 15996 254 299 344 9459.83 21.35
440 20687 20557 17377 17067 901 946 991 4810.01 15.77
441 5282 17954 15002 314 234 279 324 20140.71 34.17
442 11156 18604 17001 29974 90 135 180 12784.4 25.34
443 18647 13745 2023 11896 250 295 340 16726.51 30.07
444 12351 515 1337 5711 1364 1409 1454 12178.12 24.61
445 4616 20478 16782 12713 923 968 1013 14432.84 27.32
446 3545 16744 17566 29734 735 780 825 19113.57 32.94
447 21323 11392 21680 11587 742 787 832 406.78 10.49
448 23096 10853 15885 20080 816 861 906 11710.51 24.05
449 8748 12818 17151 16906 258 303 348 9344.63 21.21
450 1047 26613 16400 25719 789 834 879 15379.01 28.45
451 8193 27738 19241 3173 881 926 971 26935.06 42.32
452 6972 6434 4066 26446 1254 1299 1344 20221.89 34.27
453 493 16266 2150 5700 1215 1260 1305 10695.14 22.83
454 9317 20250 430 7167 652 697 742 15815.93 28.98
455 6860 24199 22060 8592 296 341 386 21785.74 36.14
456 14950 15687 16713 10402 300 345 390 5571.3 16.69
457 16523 9407 19682 6827 1338 1383 1428 4078.69 14.89
458 17573 12452 3112 13365 1241 1286 1331 14489.79 27.39
459 8364 13230 10166 17699 645 690 735 4818.63 15.78
460 6955 24365 6725 10957 1370 1415 1460 13409.97 26.09
461 10713 16573 14375 754 280 325 370 16237.33 29.48
462 981 13010 14192 47 1321 1366 1411 18508.64 32.21
463 10274 23117 8370 28170 668 713 758 5399.82 16.48
464 20990 4011 21655 7091 1246 1291 1336 3150.97 13.78
465 18511 9149 18574 614 27 72 117 8535.23 20.24
466 21664 12959 11026 8572 -15 30 75 11507.08 23.81
467 4952 14100 13334 27885 245 290 335 16133.32 29.36
468 2983 22500 4406 17379 1233 1278 1323 5315.03 16.38
469 9253 19849 12915 4569 116 161 206 15712.69 28.86
470 16747 27215 20200 11821 66 111 156 15776.52 28.93
471 10510 25666 20716 29184 692 737 782 10795.31 22.95
472 6843 3291 6458 25918 1356 1401 1446 22630.28 37.16
473 584 5869 18916 11178 1235 1280 1325 19085.27 32.9
474 11544 27897 19870 24039 628 673 718 9176.41 21.01
475 7880 14194 20579 11096 180 225 270 13071.43 25.69
476 6334 9877 3315 10120 289 334 379 3028.76 13.63
477 18513 8657 13311 3677 217 262 307 7201.47 18.64
478 16219 15903 23668 2824 1324 1369 1414 15051.51 28.06
479 20343 7707 7311 29405 885 930 975 25310.79 40.37
480 2258 7562 1702 19147 1365 1410 1455 11598.33 23.92
481 12245 13152 10175 14041 6 51 96 2252.83 12.7
482 14156 29427 3952 5509 693 738 783 26003.7 41.2
483 13348 28756 22106 11613 227 272 317 19250.58 33.1
484 16479 16724 22797 25837 1310 1355 1400 11088.91 23.31
485 4283 26481 20832 79 171 216 261 31159.83 47.39
486 23868 18253 19086 20538 1322 1367 1412 5299.88 16.36
487 12411 2677 7273 19571 1244 1289 1334 17658.04 31.19
488 16803 12373 12763 25153 1243 1288 1333 13403.36 26.08
489 6087 4731 12377 13542 899 944 989 10825.79 22.99
490 4311 7558 9679 23049 578 623 668 16394.71 29.67
491 1898 19681 8497 23506 675 720 765 7627.41 19.15
492 18824 25868 22576 14746 267 312 357 11737.82 24.09
493 20852 1955 15672 21335 689 734 779 20060.33 34.07
494 21652 11848 15805 1793 763 808 853 11631.44 23.96
495 15658 20272 21916 26462 1289 1334 1379 8802.2 20.56
496 11512 1712 18303 20019 1306 1351 1396 19525.98 33.43
497 3296 25667 15454 259 -1 44 89 28167.06 43.8
498 14883 16645 20763 9335 1370 1415 1460 9381.39 21.26
499 3899 28438 15173 9453 35 80 125 22080.16 36.5
500 16866 2987 20979 18265 1300 1345 1390 15821.95 28.99
501 7627 7398 7466 14987 435 480 525 7590.71 19.11
502 23131 12199 21172 16058 1102 1147 1192 4327.77 15.19
503 14942 907 4118 24916 433 478 523 26336.12 41.6
504 20415 24412 9659 21766 990 1035 1080 11076.68 23.29
505 428 12174 987 2685 490 535 580 9505.45 21.41
506 12517 7310 3351 5048 539 584 629 9440.99 21.33
507 15233 3236 11855 23199 342 387 432 20246.78 34.3
508 2117 350 3774 16545 1043 1088 1133 16279.55 29.54
509 6595 24255 15379 10163 456 501 546 16605.51 29.93
510 11430 10619 12967 6210 531 576 621 4669.22 15.6
511 71 6250 5276 15495 1047 1092 1137 10609.53 22.73
512 5764 17761 9014 14851 1010 1055 1100 4362.41 15.23
513 10985 28907 2243 11080 385 430 475 19855.09 33.83
514 3685 24177 6335 18423 1096 1141 1186 6334.9 17.6
515 15402 21761 7306 25116 1099 1144 1189 8763.63 20.52
516 17614 7110 1909 24347 1067 1112 1157 23318.69 37.98
517 23712 23024 6417 273 1034 1079 1124 28578.4 44.29
518 19957 28036 9098 18396 538 583 628 14520.59 27.42
519 13337 14368 12638 18389 1128 1173 1218 4081.3 14.9
520 23501 24849 4027 4891 482 527 572 27884.73 43.46
521 3354 10575 230 21815 367 412 457 11666.06 24.0
522 12771 10251 2111 29625 432 477 522 22113.06 36.54
523 2659 4900 10719 11633 456 501 546 10502.23 22.6
524 23516 25284 17864 28814 348 393 438 6663.78 18.0
525 23928 26630 11904 22829 977 1022 1067 12610.48 25.13
526 16089 8417 7960 2157 408 453 498 10260.03 22.31
527 1887 1071 4153 18951 1209 1254 1299 18023.02 31.63
528 16091 6422 21498 27662 521 566 611 21917.42 36.3
529 6927 26542 17038 9684 524 569 614 19657.68 33.59
530 9550 26321 10376 1692 1198 1243 1288 24642.85 39.57
531 11957 6150 21253 16831 504 549 594 14159.78 26.99
532 17778 22863 10316 3932 483 528 573 20348.57 34.42
533 8575 4429 11144 26766 1043 1088 1133 22484.25 36.98
534 17605 12078 20418 24390 398 443 488 12629.26 25.16
535 1336 3353 7933 2501 1085 1130 1175 6651.79 17.98
536 6106 8668 16693 15791 428 473 518 12760.16 25.31
537 258 18255 2696 12654 478 523 568 6108.6 17.33
538 11662 19934 22945 4798 1010 1055 1100 18878.68 32.65
539 19926 21315 13704 12076 479 524 569 11138.78 23.37
540 11314 29490 13739 19148 1040 1085 1130 10622.5 22.75
541 234 22616 1633 5666 416 461 506 17007.64 30.41
542 13280 5653 6408 24545 377 422 467 20103.04 34.12
543 4546 7370 12364 2997 1115 1160 1205 8957.92 20.75
544 897 11207 6551 5524 502 547 592 8016.5 19.62
545 8507 1490 7084 6950 335 380 425 5642.39 16.77
546 14376 4500 18479 17242 404 449 494 13386.31 26.06
547 19638 1316 19625 15173 477 522 567 13857.01 26.63
548 16017 16731 5309 15513 1042 1087 1132 10777.05 22.93
549 2443 22785 12701 22305 434 479 524 10269.22 22.32
550 692 17043 19641 22568 401 446 491 19738.04 33.69
551 6554 19734 10865 6985 1177 1222 1267 13458.15 26.15
552 9191 27930 15366 12165 380 425 470 16931.21 30.32
553 888 25068 19635 16260 531 576 621 20713.06 34.86
554 12946 29919 10864 22363 1128 1173 1218 7837.59 19.41
555 19521 25819 13594 6850 488 533 578 19873.41 33.85
556 8067 28256 8800 15493 464 509 554 12784.03 25.34
557 1655 17996 21751 19061 476 521 566 20124.2 34.15
558 3373 20109 5032 27250 357 402 447 7331.18 18.8
559 12237 18710 2194 22082 382 427 472 10593.97 22.71
560 19286 27503 23136 123 1179 1224 1269 27649.36 43.18
561 2416 20425 4708 27580 1170 1215 1260 7513.14 19.02
562 10161 12365 10729 26732 1037 1082 1127 14378.22 27.25
563 9195 20121 19122 4826 337 382 427 18234.1 31.88
564 4156 27409 13947 5752 977 1022 1067 23767.4 38.52
565 23903 7373 4712 16380 339 384 429 21199.54 35.44
566 16025 21811 12939 21151 535 580 625 3155.79 13.79
567 18343 1314 22314 15274 359 404 449 14513.8 27.42
568 12788 13004 11053 22673 481 526 571 9823.43 21.79
569 20009 20727 12900 5637 1063 1108 1153 16680.71 30.02
570 16868 6205 4575 26150 1072 1117 1162 23429.06 38.11
571 4586 24416 3913 15022 1060 1105 1150 9418.08 21.3
572 19013 21015 9353 5735 1086 1131 1176 18077.44 31.69
573 8752 22774 20392 11040 389 434 479 16528.05 29.83
574 1696 10657 22989 23506 996 1041 1086 24869.43 39.84
575 17663 4750 18049 24439 344 389 434 19692.78 33.63
576 7880 28926 10995 25967 435 480 525 4296.38 15.16
577 7951 13761 2796 14880 454 499 544 5275.05 16.33
578 16401 1985 5151 28867 1182 1227 1272 29141.11 44.97
579 12075 16509 10010 23209 1173 1218 1263 7011.01 18.41
580 4214 9298 10299 13041 1214 1259 1304 7144.04 18.57
581 10221 22166 14396 1444 1020 1065 1110 21138.4 35.37
582 11486 29805 16359 9647 1178 1223 1268 20738.64 34.89
583 20477 9974 5389 20113 1187 1232 1277 18178.2 31.81
584 14654 17127 10678 4325 403 448 493 13405.21 26.09
585 23001 18274 17535 4535 435 480 525 14786.39 27.74
586 3805 12734 21901 24970 1198 1243 1288 21844.56 36.21
587 6084 16120 6355 19445 462 507 552 3336.03 14.0
588 15583 24231 22513 16516 1065 1110 1155 10370.44 22.44
589 6063 18325 13972 15082 444 489 534 8548.06 20.26
590 23536 19425 2959 14114 379 424 469 21251.34 35.5
591 2433 10818 9767 12878 475 520 565 7617.82 19.14
592 19307 19383 20882 11209 537 582 627 8324.36 19.99
593 11714 672 6872 18297 341 386 431 18278.01 31.93
594 12122 1032 8172 28917 467 512 557 28163.38 43.8
595 6096 22052 9849 3186 425 470 515 19235.67 33.08
596 14699 29052 5998 20022 493 538 583 12539.87 25.05
597 12013 11198 22001 8310 1197 1242 1287 10397.15 22.48
598 5137 15562 18663 27368 468 513 558 17953.67 31.54
599 15203 1307 19087 15467 458 503 548 14683.02 27.62
600 5236 1652 16713 12240 486 531 576 15614.97 28.74
601 20277 21905 150 27046 424 469 514 20773.2 34.93
602 19237 4474 16583 20159 1035 1080 1125 15907.95 29.09
603 23595 25413 22515 8129 1203 1248 1293 17317.71 30.78
604 23290 888 14842 15013 393 438 483 16458.56 29.75
605 14268 5557 16838 25883 1206 1251 1296 20487.83 34.59
606 12336 27643 7059 28229 515 560 605 5309.44 16.37
607 4006 26705 1913 8213 502 547 592 18610.07 32.33
608 6684 4756 5632 12801 1210 1255 1300 8113.49 19.74
609 14878 6496 10946 179 981 1026 1071 7440.77 18.93
610 1170 7804 14685 17284 394 439 484 16508.35 29.81
611 12458 12857 19751 12256 1161 1206 1251 7317.72 18.78
612 1210 29581 13673 13569 461 506 551 20290.65 34.35
613 12105 14000 23721 19533 1054 1099 1144 12866.45 25.44
614 18977 9191 4426 12727 1000 1045 1090 14974.47 27.97
615 16661 20379 13926 23713 1066 1111 1156 4312.28 15.17
616 1517 28170 9616 12952 359 404 449 17238.95 30.69
617 9253 17164 18971 16561 393 438 483 9736.69 21.68
618 21540 11440 10522 14687 360 405 450 11486.48 23.78
619 4727 19076 7766 8990 415 460 505 10533.89 22.64
620 11788 28560 5416 24364 430 475 520 7629.47 19.16
621 3628 22906 17371 9867 1022 1067 1112 18944.28 32.73
622 6548 23632 16011 21203 1013 1058 1103 9769.77 21.72
623 12503 7946 14178 5033 1140 1185 1230 3360.24 14.03
624 7424 25730 22271 15966 442 487 532 17769.89 31.32
625 12987 12171 5992 898 1107 1152 1197 13266.9 25.92
626 7061 13386 22881 23423 1013 1058 1103 18735.36 32.48
627 10664 17995 5836 9953 1177 1222 1267 9379.94 21.26
628 22249 29105 7971 22539 488 533 578 15715.39 28.86
629 18640 8361 656 17531 1163 1208 1253 20186.96 34.22
630 3826 23353 13006 21346 450 495 540 9396.83 21.28
631 10998 337 15393 18174 495 540 585 18370.48 32.04
632 5729 25328 17954 10155 406 451 496 19485.14 33.38
633 16995 28093 20643 6557 445 490 535 21842.78 36.21
634 10557 5602 18236 12379 484 529 574 10241.81 22.29
635 9004 21231 22637 1673 376 421 466 23840.6 38.61
636 5326 182 8364 24491 530 575 620 24498.1 39.4
637 3479 20190 5923 29600 1115 1160 1205 9722.2 21.67
638 13883 11855 86 11592 1015 1060 1105 13799.51 26.56
639 13490 17889 1037 24818 1151 1196 1241 14250.9 27.1
640 22233 23733 8475 24873 1045 1090 1135 13805.15 26.57
641 12675 23330 16806 26953 1137 1182 1227 5494.66 16.59
642 16149 15194 3349 15933 364 409 454 12821.32 25.39
643 23190 3171 18134 27190 475 520 565 24545.38 39.45
644 17014 10314 20288 23443 537 582 627 13531.06 26.24
645 23655 12437 17695 15627 351 396 441 6760.01 18.11
646 5176 16224 5934 18438 345 390 435 2340.16 12.81
647 21534 35 23554 9435 1195 1240 1285 9614.59 21.54
648 21660 25571 6003 3066 1045 1090 1135 27415.63 42.9
649 5737 16870 6048 21424 1112 1157 1202 4564.61 15.48
650 19371 27085 13726 7640 356 401 446 20247.82 34.3
651 22553 9337 20683 1331 1189 1234 1279 8221.49 19.87
652 7807 1444 10990 14887 1102 1147 1192 13814.69 26.58
653 10387 5361 21130 28862 501 546 591 25840.07 41.01
654 22514 15210 9844 22339 1053 1098 1143 14537.93 27.45
655 850 20874 10112 6368 411 456 501 17210.71 30.65
656 21608 27989 19625 27248 1019 1064 1109 2116.92 12.54
657 3221 11052 16500 2429 998 1043 1088 15833.13 29.0
658 8951 21186 10847 16928 434 479 524 4661.05 15.59
659 21731 9419 21657 13145 1190 1235 1280 3726.73 14.47
660 3133 9790 7538 2088 1150 1195 1240 8872.7 20.65
661 12479 12758 5870 8375 454 499 544 7930.29 19.52
662 18708 17886 11841 871 319 364 409 18348.46 32.02
663 23172 12656 8475 17929 1069 1114 1159 15614.3 28.74
664 14959 489 7909 12093 500 545 590 13577.75 26.29
665 18688 25718 17287 235 1201 1246 1291 25521.48 40.63
666 9531 17398 350 16027 543 588 633 9282.8 21.14
667 2893 6405 16270 5899 467 512 557 13386.57 26.06
668 3671 8232 2985 687 1170 1215 1260 7576.12 19.09
669 1376 16459 3552 16944 1155 1200 1245 2229.39 12.68
670 17861 6653 2825 7364 449 494 539 15052.8 28.06
671 23630 22189 5147 8335 1063 1108 1153 23098.8 37.72
672 10041 635 20957 27330 1027 1072 1117 28840.63 44.61
673 18971 13513 14334 9992 552 597 642 5822.3 16.99
674 22006 18679 2675 13886 1036 1081 1126 19916.34 33.9
675 20181 24603 13201 8743 511 556 601 17328.01 30.79
676 16851 27942 20338 22020 318 363 408 6872.35 18.25
677 16890 26408 1835 15704 1106 1151 1196 18472.38 32.17
678 2433 29110 328 2156 989 1034 1079 27036.07 42.44
679 9925 10470 23681 21304 1195 1240 1285 17510.09 31.01
680 21483 2327 6351 11836 507 552 597 17871.72 31.45
681 8580 5721 14350 21976 500 545 590 17248.71 30.7
682 20803 10414 3956 18410 527 572 617 18648.26 32.38
683 11942 13067 6201 5501 365 410 455 9497.55 21.4
684 8414 27127 14662 14448 367 412 457 14134.87 26.96
685 17077 21727 15894 4963 1035 1080 1125 16805.69 30.17
686 23289 17760 6715 6611 427 472 517 19974.93 33.97
687 703 20966 9642 28351 342 387 432 11595.0 23.91
688 4848 13379 23079 23594 384 429 474 20897.74 35.08
689 6108 9829 5577 15186 549 594 639 5383.25 16.46
690 18737 24213 4128 5133 1168 1213 1258 24030.59 38.84
691 21322 20062 20790 18700 479 524 569 1462.21 11.75
692 14069 4341 14092 12499 1204 1249 1294 8158.03 19.79
693 12173 9723 8126 12609 1071 1116 1161 4970.63 15.96
694 20137 2984 15043 12507 440 485 530 10799.83 22.96
695 5739 28021 5944 10532 428 473 518 17490.2 30.99
696 18999 13920 13168 16208 1024 1069 1114 6263.83 17.52
697 14070 15694 23513 19255 1021 1066 1111 10092.12 22.11
698 6066 22234 10774 26474 1182 1227 1272 6335.84 17.6
699 8230 3551 12311 2715 359 404 449 4165.75 15.0
700 18350 29659 22621 23570 1033 1078 1123 7437.56 18.93
701 70 19402 5836 25115 409 454 499 8116.97 19.74
702 19818 20584 6392 16937 356 401 446 13912.52 26.7
703 5876 1565 12679 886 1120 1165 1210 6836.8 18.2
704 13662 6498 2826 429 341 386 431 12419.81 24.9
705 14080 15822 15068 25140 539 584 629 9370.23 21.24
706 15643 17097 18 1943 1051 1096 1141 21766.59 36.12
707 19718 12941 18874 5481 393 438 483 7507.59 19.01
708 11055 16986 11218 9002 1000 1045 1090 7985.66 19.58
709 20622 780 1212 21009 1069 1114 1159 28034.99 43.64
710 7656 19651 18238 11633 324 369 414 13276.56 25.93
711 12313 27515 6692 18436 1201 1246 1291 10678.2 22.81
712 16030 21622 6801 10387 316 361 406 14539.59 27.45
713 8992 8713 1653 13354 376 421 466 8683.31 20.42
714 1242 4397 18797 9736 1195 1240 1285 18348.92 32.02
715 6476 28115 20146 5007 507 552 597 26848.62 42.22
716 23282 7642 16365 18857 1105 1150 1195 13176.54 25.81
717 6040 9170 7108 18074 419 464 509 8967.82 20.76
718 10500 1532 11732 6001 339 384 429 4635.71 15.56
719 4967 4382 5441 6923 546 591 636 2584.83 13.1
720 21374 2837 13916 4863 1065 1110 1155 7728.29 19.27
721 4742 25913 22074 24107 1049 1094 1139 17425.84 30.91
722 6066 11084 16230 3617 370 415 460 12612.02 25.13
723 22661 2934 10577 11109 995 1040 1085 14589.51 27.51
724 15418 3607 18382 3268 497 542 587 2983.32 13.58
725 19265 19877 8253 15448 379 424 469 11869.3 24.24
726 12214 11291 19743 23855 1031 1076 1121 14647.18 27.58
727 22241 2280 17738 16430 981 1026 1071 14849.23 27.82
728 2994 25262 11160 601 1090 1135 1180 25977.85 41.17
729 5377 3271 11830 26460 400 445 490 24070.13 38.88
730 6214 5515 2640 20049 1115 1160 1205 14966.98 27.96
731 7755 19350 20912 4005 1163 1208 1253 20213.25 34.26
732 3332 23629 1661 26529 1039 1084 1129 3346.97 14.02
733 15546 26022 7927 6742 1149 1194 1239 20730.84 34.88
734 19242 18419 1064 25414 997 1042 1087 19477.42 33.37
735 17257 17687 2464 9210 997 1042 1087 17049.7 30.46
736 5882 21008 4137 15072 1208 1253 1298 6187.17 17.42
737 21342 6466 7430 17183 1140 1185 1230 17561.26 31.07
738 5054 975 18169 21219 518 563 608 24121.0 38.95
739 19177 6225 2483 22642 435 480 525 23413.83 38.1
740 3459 1047 16926 26460 554 599 644 28760.75 44.51
741 18814 9108 7123 10943 1152 1197 1242 11834.13 24.2
742 13096 11033 19273 23512 394 439 484 13924.11 26.71
743 13679 29010 22727 22616 330 375 420 11079.24 23.3
744 2275 29237 7843 25284 554 599 644 6828.53 18.19
745 11366 21653 8433 26796 503 548 593 5920.55 17.1
746 6144 12105 4627 24056 1004 1049 1094 12046.9 24.46
747 13962 949 10550 22011 440 485 530 21336.58 35.6
748 18835 25347 3961 13252 374 419 464 19170.94 33.01
749 21654 17950 7992 22332 471 516 561 14347.55 27.22
750 1881 9227 15157 1908 475 520 565 15159.81 28.19
751 15482 17001 17998 27002 460 505 550 10312.63 22.38
752 15909 21072 23477 15713 469 514 559 9273.27 21.13
753 10141 14493 7077 13297 1066 1111 1156 3289.15 13.95
754 11207 9181 8622 112 349 394 439 9430.22 21.32
755 3089 5147 22860 16338 1202 1247 1292 22718.51 37.26
756 21728 19998 319 12816 473 518 563 22581.55 37.1
757 19510 4830 4828 23724 1010 1055 1100 23927.9 38.71
758 14811 18707 13879 11661 985 1030 1075 7107.37 18.53
759 10966 24360 3869 25459 1180 1225 1270 7181.59 18.62
760 10394 22924 15090 12479 1079 1124 1169 11452.09 23.74
761 20456 21589 2694 18288 324 369 414 18066.14 31.68
762 18849 13519 12709 29857 978 1023 1068 17453.65 30.94
763 2583 7577 12291 3736 359 404 449 10440.24 22.53
764 1454 14477 17706 26563 1120 1165 1210 20253.37 34.3
765 18272 20816 18955 23807 468 513 558 3067.99 13.68
766 8244 9301 18004 19981 550 595 640 14467.9 27.36
767 2491 2302 13289 20651 1082 1127 1172 21290.43 35.55
768 10214 9077 3066 8998 501 546 591 7148.44 18.58
769 8095 16938 8023 21489 1009 1054 1099 4551.57 15.46
770 15281 19101 15160 29182 1006 1051 1096 10081.73 22.1
771 18832 13197 14158 26364 1120 1165 1210 13971.98 26.77
772 6497 2044 12318 17176 392 437 482 16213.0 29.46
773 9429 7749 8855 25522 440 485 530 17782.27 31.34
774 22760 29054 292 8663 1048 1093 1138 30341.46 46.41
775 2855 1224 2468 10553 351 396 441 9337.02 21.2
776 8833 12928 3591 9560 352 397 442 6230.73 17.48
777 16766 117 10771 10627 350 395 440 12099.59 24.52
778 8238 11402 9545 27620 1126 1171 1216 16270.58 29.52
779 2911 25220 11680 12297 404 449 494 15617.28 28.74
780 13388 10014 939 616 370 415 460 15598.08 28.72
781 6261 2144 20980 27084 1051 1096 1141 28959.5 44.75
782 7066 11125 16560 27822 1178 1223 1268 19207.44 33.05
783 11661 17587 20172 1792 1163 1208 1253 17942.11 31.53
784 8233 14654 11128 15815 541 586 631 3119.13 13.74
785 6432 19390 3504 4625 1032 1077 1122 15052.52 28.06
786 3283 19943 17485 10330 1197 1242 1287 17149.54 30.58
787 2480 14481 23929 12847 335 380 425 21511.15 35.81
788 20601 23323 14333 9926 497 542 587 14790.79 27.75
789 4886 19878 10042 25413 1146 1191 1236 7564.43 19.08
790 6600 23696 20867 17001 439 484 529 15759.77 28.91
791 1603 25703 7100 29060 1054 1099 1144 6441.0 17.73
792 22136 24048 15361 20201 980 1025 1070 7791.02 19.35
793 20474 7241 3196 3540 521 566 611 17669.94 31.2
794 23166 25234 19928 13381 501 546 591 12287.32 24.74
795 8834 419 21771 8562 475 520 565 15286.41 28.34
796 3753 16568 4628 3539 478 523 568 13058.35 25.67
797 15728 19499 8920 13377 536 581 626 9155.75 20.99
798 13512 12697 23754 27120 453 498 543 17689.59 31.23
799 6238 6682 3464 3667 435 480 525 4096.99 14.92
800 388 12273 19934 11370 529 574 619 19566.85 33.48
801 2659 6318 21718 881 543 588 633 19819.35 33.78
802 10685 27885 11890 20778 1209 1254 1299 7208.43 18.65
803 15736 12421 11605 10395 358 403 448 4601.07 15.52
804 5438 15985 1636 5522 1080 1125 1170 11132.37 23.36
805 20105 1522 6134 16843 410 455 500 20734.56 34.88
806 20731 3369 10323 23537 534 579 624 22695.26 37.23
807 19455 9379 12149 1994 549 594 639 10388.26 22.47
808 17213 8717 21555 637 1023 1068 1113 9172.75 21.01
809 22148 14571 23233 7238 365 410 455 7412.83 18.9
810 11529 16134 13131 19572 1003 1048 1093 3792.92 14.55
811 6027 9244 13718 22127 513 558 603 15004.11 28.0
812 15812 11920 16725 26345 1180 1225 1270 14453.86 27.34
813 19550 22271 20834 7197 336 381 426 15128.59 28.15
814 23934 23684 446 7776 1136 1181 1226 28368.13 44.04
815 9761 16366 4215 1371 494 539 584 15987.75 29.19
816 15188 15736 16468 29723 449 494 539 14045.45 26.85
817 2682 8605 12866 23084 398 443 488 17701.84 31.24
818 7984 12053 13615 24489 1011 1056 1101 13651.46 26.38
819 23264 11401 1422 23783 457 502 547 25107.51 40.13
820 2387 18139 19647 17007 439 484 529 17297.08 30.76
821 21798 8747 22938 7022 1045 1090 1135 2067.66 12.48
822 19877 21207 9834 6351 1138 1183 1228 17932.17 31.52
823 7636 22813 6812 26444 1155 1200 1245 3723.32 14.47
824 3842 20565 18177 5144 397 442 487 21054.68 35.27
825 22114 16691 11901 5982 420 465 510 14798.24 27.76
826 14479 21800 14387 8666 1078 1123 1168 13134.32 25.76
827 3576 8632 14491 9794 1006 1051 1096 10976.68 23.17
828 16016 13957 10690 11422 988 1033 1078 5898.52 17.08
829 19422 1293 20855 3481 519 564 609 2615.5 13.14
830 21938 27333 13179 23681 444 489 534 9489.85 21.39
831 19538 5045 936 27249 522 567 612 28966.39 44.76
832 20101 20776 19825 5106 391 436 481 15672.43 28.81
833 564 3597 17198 7780 451 496 541 17151.89 30.58
834 11981 18990 6386 28303 1108 1153 1198 10864.44 23.04
835 21069 9357 13825 11877 1182 1227 1272 7669.81 19.2
836 22546 22763 6125 613 1186 1231 1276 27573.03 43.09
837 23798 26916 23691 29994 1138 1183 1228 3079.86 13.7
838 17847 11370 3571 17014 346 391 436 15351.19 28.42
839 17394 25016 7771 7139 532 577 622 20302.44 34.36
840 2659 711 9109 11590 1027 1072 1117 12647.34 25.18
841 17893 27566 16878 27759 517 562 607 1033.19 11.24
842 21996 27576 22992 15744 408 453 498 11873.85 24.25
843 21955 9369 12540 10404 390 435 480 9471.72 21.37
844 8689 14297 13452 7665 474 519 564 8165.15 19.8
845 11559 26111 1572 24640 367 412 457 10094.75 22.11
846 202 20495 5480 20239 1051 1096 1141 5284.2 16.34
847 17022 25752 20835 373 997 1042 1087 25663.84 40.8
848 18983 28219 14270 1525 983 1028 1073 27106.86 42.53
849 17150 8643 16165 22669 511 556 601 14060.54 26.87
850 13469 1742 414 5330 426 471 516 13539.08 26.25
851 19443 18200 9186 5080 325 370 415 16653.54 29.98
852 11531 181 22165 23217 456 501 546 25372.02 40.45
853 2065 6378 13080 11368 1079 1124 1169 12092.57 24.51
854 895 20139 23637 5029 1140 1185 1230 27304.04 42.76
855 16308 16873 3737 3459 453 498 543 18383.84 32.06
856 11631 24476 11502 1914 514 559 604 22562.37 37.07
857 12443 28385 19140 7606 338 383 428 21831.55 36.2
858 13478 17149 7598 12978 500 545 590 7209.14 18.65
859 17569 3845 22688 12576 1198 1243 1288 10120.99 22.15
860 6743 16428 1961 1914 527 572 617 15281.48 28.34
861 18816 14736 15122 27490 1159 1204 1249 13278.18 25.93
862 19113 9087 21331 27148 398 443 488 18196.68 31.84
863 17814 7577 9778 16018 377 422 467 11654.52 23.99
864 22048 23129 19964 17920 1152 1197 1242 5610.41 16.73
865 16213 7982 19605 26773 976 1021 1066 19094.69 32.91
866 18023 23244 19735 7710 324 369 414 15628.05 28.75
867 525 691 20971 20275 360 405 450 28312.05 43.97
868 11612 4631 18036 9716 455 500 545 8192.98 19.83
869 17708 15785 5300 3624 355 400 445 17373.78 30.85
870 6849 3561 16983 10384 1129 1174 1219 12216.84 24.66
871 997 13941 18123 18564 1045 1090 1135 17739.0 31.29
872 9402 28062 2680 29693 1086 1131 1176 6917.04 18.3
873 18470 19391 2850 19392 1033 1078 1123 15620.0 28.74
874 9263 15181 21868 19636 444 489 534 13369.11 26.04
875 3227 29384 14939 26878 1075 1120 1165 11977.1 24.37
876 2614 1224 5037 16869 385 430 475 15831.52 29.0
877 1698 17916 9596 2279 1094 1139 1184 17518.4 31.02
878 74 25994 22391 5460 1098 1143 1188 30326.45 46.39
879 20730 7171 23737 21144 340 385 430 14292.89 27.15
880 22229 7269 4867 2141 425 470 515 18103.46 31.72
881 13100 9960 19350 25698 1067 1112 1157 16933.61 30.32
882 13834 18822 4009 29181 1176 1221 1266 14277.24 27.13
883 15670 22765 3406 19310 511 556 601 12741.38 25.29
884 8972 9366 12232 10950 387 432 477 3624.45 14.35
885 20056 3541 2126 6077 431 476 521 18108.46 31.73
886 12428 8706 22889 3438 1208 1253 1298 11712.57 24.06
887 3259 454 22482 16422 501 546 591 24990.01 39.99
888 21144 19809 14857 22656 386 431 476 6901.58 18.28
889 18279 10832 14653 5165 324 369 414 6727.76 18.07
890 18521 6800 13799 21004 502 547 592 14968.33 27.96
891 18047 13620 10257 11906 379 424 469 7976.33 19.57
892 7808 28070 14685 11879 1173 1218 1263 17590.95 31.11
893 18187 9649 16799 13933 352 397 442 4503.24 15.4
894 21237 1513 10537 2509 363 408 453 10746.26 22.9
895 22801 3711 20937 13661 526 571 616 10123.09 22.15
896 19879 12780 1433 27082 406 451 496 23341.0 38.01
897 3909 22070 4378 6799 1091 1136 1181 15278.2 28.33
898 2972 15761 15267 12551 543 588 633 12707.13 25.25
899 13617 4803 16217 7105 344 389 434 3472.64 14.17
900 17699 4829 8535 23863 1142 1187 1232 21125.15 35.35
901 7098 23122 12560 18041 461 506 551 7459.89 18.95
902 20109 7607 20197 26230 478 523 568 18623.21 32.35
903 18900 11217 19071 27289 1119 1164 1209 16072.91 29.29
904 20214 25149 8090 14494 1084 1129 1174 16140.64 29.37
905 6652 16063 739 24501 1082 1127 1172 10303.56 22.36
906 18458 3256 19976 3851 443 488 533 1630.44 11.96
907 16015 6284 12955 5527 366 411 456 3152.25 13.78
908 49 9653 9280 3798 411 456 501 10931.26 23.12
909 22649 97 14307 20699 436 481 526 22226.82 36.67
910 7327 29018 9757 17817 462 507 552 11461.56 23.75
911 51 21216 19364 13089 507 552 597 20953.28 35.14
912 22215 15875 23705 15582 343 388 433 1518.54 11.82
913 8806 16756 12173 9025 372 417 462 8432.38 20.12
914 3328 24576 11731 754 408 453 498 25260.6 40.31
915 12523 15115 2786 12038 373 418 463 10211.62 22.25
916 16981 28452 19808 26876 548 593 638 3236.62 13.88
917 5946 19298 21061 7731 1115 1160 1205 19033.1 32.84
918 15476 12647 23087 3885 1201 1246 1291 11606.03 23.93
919 1509 20733 11897 8291 538 583 628 16208.45 29.45
920 6670 19833 6079 25173 1208 1253 1298 5372.6 16.45
921 947 1104 10243 15046 1059 1104 1149 16756.94 30.11
922 5454 19014 8409 8870 1134 1179 1224 10565.64 22.68
923 1415 15006 12588 3970 1031 1076 1121 15704.43 28.85
924 18771 19334 11385 2505 1185 1230 1275 18378.47 32.05
925 7029 4699 21880 1325 382 427 472 15229.45 28.28
926 23128 23275 14513 1374 479 524 569 23534.49 38.24
927 1365 26731 7868 9481 989 1034 1079 18435.06 32.12
928 11655 17079 23451 27088 1159 1204 1249 15470.16 28.56
929 393 3757 11644 25450 428 473 518 24437.09 39.32
930 14651 4403 20623 9023 1194 1239 1284 7550.44 19.06
931 16827 15098 18008 26080 995 1040 1085 11045.32 23.25
932 15357 26342 14217 23596 479 524 569 2973.23 13.57
933 20259 20447 11429 19362 342 387 432 8896.41 20.68
934 13615 20313 11756 11378 1159 1204 1249 9126.34 20.95
935 9664 322 8015 4692 1186 1231 1276 4670.77 15.6
936 11001 24772 3728 2653 1168 1213 1258 23284.04 37.94
937 17292 16322 13774 10365 1065 1110 1155 6918.25 18.3
938 13913 29397 4866 21341 488 533 578 12113.93 24.54
939 6528 14457 2283 19347 422 467 512 6475.5 17.77
940 10091 600 2811 27255 1027 1072 1117 27631.28 43.16
941 21226 10866 9469 2174 978 1023 1068 14621.15 27.55
942 11438 17081 12493 21833 983 1028 1073 4867.7 15.84
943 23992 7468 22740 22805 346 391 436 15388.02 28.47
944 22371 21122 19042 17587 436 481 526 4855.77 15.83
945 7150 26272 10484 26922 518 563 608 3396.77 14.08
946 11437 22681 20956 26845 339 384 429 10389.91 22.47
947 20100 23629 23164 16903 1014 1059 1104 7391.02 18.87
948 56 25929 5994 7933 1192 1237 1282 18950.35 32.74
949 18550 17190 18096 16809 1177 1222 1267 592.69 10.71
950 13988 13647 22780 16999 975 1020 1065 9409.31 21.29
951 6062 9497 13322 21340 388 433 478 13891.16 26.67
952 19270 22758 3496 19350 1205 1250 1295 16137.95 29.37
953 15685 28216 4280 14745 321 366 411 17650.55 31.18
954 525 5084 754 4025 1069 1114 1159 1083.48 11.3
955 14105 23835 16890 18600 387 432 477 5929.71 17.12
956 10348 27802 17914 580 1145 1190 1235 28253.88 43.9
957 20035 17997 10733 23629 430 475 520 10874.13 23.05
958 22136 20080 1500 4951 435 480 525 25587.71 40.71
959 23601 9038 7948 14196 1064 1109 1154 16480.94 29.78
960 10618 7326 13350 17781 327 372 417 10806.06 22.97
961 19334 4200 10671 2079 1092 1137 1182 8918.87 20.7
962 4120 29818 16234 10008 484 529 574 23220.36 37.86
963 7781 2429 3710 22349 1112 1157 1202 20331.73 34.4
964 1495 961 17623 18714 414 459 504 23985.02 38.78
965 10155 1392 15340 13359 1148 1193 1238 13041.98 25.65
966 6066 13422 18486 19546 996 1041 1086 13847.74 26.62
967 10531 4476 15551 18248 1169 1214 1259 14658.39 27.59
968 1285 12488 20331 5818 1196 1241 1286 20180.16 34.22
969 21934 27862 7631 23140 507 552 597 15062.31 28.07
970 10718 19387 11828 12800 408 453 498 6679.87 18.02
971 11275 14394 19824 11112 413 458 503 9157.34 20.99
972 17891 5673 14006 12041 448 493 538 7459.53 18.95
973 2461 3420 18485 28427 338 383 428 29700.48 45.64
974 9385 19928 23058 20750 1180 1225 1270 13697.69 26.44
975 16919 28501 14215 27061 324 369 414 3063.53 13.68
976 18098 28552 2543 14353 318 363 408 21061.09 35.27
977 22449 4713 14876 29619 370 415 460 26031.89 41.24
978 1035 11585 4430 9354 989 1034 1079 4062.44 14.87
979 20039 13829 10602 1718 535 580 625 15353.61 28.42
980 11990 9360 18313 15768 1042 1087 1132 9002.38 20.8
981 3224 1931 6997 10272 1176 1221 1266 9154.66 20.99
982 2079 6392 20846 16050 1213 1258 1303 21106.33 35.33
983 18875 13122 8306 19995 1092 1137 1182 12607.22 25.13
984 11366 14060 13783 19562 388 433 478 6009.48 17.21
985 21864 28208 4455 9689 513 558 603 25417.05 40.5
986 18519 21645 12920 27766 1144 1189 1234 8295.51 19.95
987 9566 27348 5228 5855 1137 1182 1227 21926.41 36.31
988 21463 29684 19875 1228 1042 1087 1132 28500.28 44.2
989 3867 14583 8336 12397 1122 1167 1212 4974.99 15.97
990 11567 26448 5428 3479 1102 1147 1192 23775.25 38.53
991 21823 5326 22259 20220 498 543 588 14900.38 27.88
992 16481 15492 9597 26643 416 461 506 13104.74 25.73
993 17135 20660 22075 26216 400 445 490 7434.56 18.92
994 3611 29963 21008 23655 1178 1223 1268 18505.31 32.21
995 14941 17594 1061 1921 545 590 635 20935.55 35.12
996 3301 15506 23171 25074 441 486 531 22053.65 36.46
997 13977 19616 8883 5725 1059 1104 1149 14795.56 27.75
998 6016 29479 10877 12629 977 1022 1067 17537.16 31.04
999 14613 26238 7281 16708 1065 1110 1155 12024.11 24.43
1000 10102 19193 3995 8210 1148 1193 1238 12566.69 25.08
