500 10
12000 15000
1 18980 5603 11897 7773 1253 1298 1343 7407.95 18.89
2 21510 8242 3086 27452 946 991 1036 26617.06 41.94
3 15955 10788 10925 22354 237 282 327 12612.42 25.13
4 15282 25755 3317 5416 1235 1280 1325 23597.38 38.32
5 21412 4877 21360 11927 775 820 865 7050.19 18.46
6 1104 18466 5108 19186 1354 1399 1444 4068.22 14.88
7 12515 13736 16917 3771 828 873 918 10893.98 23.07
8 5900 26582 11996 28043 112 157 202 6268.63 17.52
9 6940 3303 16727 1997 -6 39 84 9873.75 21.85
10 863 6401 13704 4070 46 91 136 13050.86 25.66
11 12668 12123 4178 13105 306 351 396 8546.6 20.26
12 166 9548 19344 24534 1318 1363 1408 24338.77 39.21
13 23788 13922 10199 19115 1320 1365 1410 14547.45 27.46
14 16155 22305 17043 29898 1266 1311 1356 7644.75 19.17
15 20396 28834 364 16311 755 800 845 23624.28 38.35
16 20331 21688 6409 24291 668 713 758 14163.25 27.0
17 14609 3883 10972 21748 1217 1262 1307 18231.46 31.88
18 11961 13018 12801 7947 122 167 212 5140.1 16.17
19 9959 21171 22476 15935 925 970 1015 13568.01 26.28
20 15894 28565 20472 18804 912 957 1002 10781.24 22.94
21 5009 22568 22666 21281 887 932 977 17703.84 31.24
22 14910 16783 1863 25500 1354 1399 1444 15691.09 28.83
23 5141 25812 1908 10434 1320 1365 1410 15714.17 28.86
24 6004 1445 15527 21302 651 696 741 22022.44 36.43
25 7213 10743 11758 14291 670 715 760 5765.88 16.92
26 1130 24612 20318 10707 609 654 699 23696.59 38.44
27 3599 19702 20823 20866 818 863 908 17263.29 30.72
28 746 16556 16973 19190 786 831 876 16439.39 29.73
29 17547 11478 6254 29615 1265 1310 1355 21365.45 35.64
30 3835 10413 16013 24297 59 104 149 18468.06 32.16
31 3013 18237 4710 27366 106 151 196 9285.39 21.14
32 11863 2585 5676 10212 1256 1301 1346 9820.9 21.79
33 19283 21092 12818 7305 123 168 213 15227.53 28.27
34 8056 9615 13827 16846 1218 1263 1308 9251.58 21.1
35 16599 7319 19676 4959 188 233 278 3877.83 14.65
36 9256 16521 19034 20542 909 954 999 10572.5 22.69
37 20309 23485 23370 29205 910 955 1000 6487.54 17.79
38 8889 13908 10903 4566 1278 1323 1368 9556.63 21.47
39 21712 14641 16763 21615 769 814 859 8551.57 20.26
40 9804 2370 21152 27428 1331 1376 1421 27507.83 43.01
41 193 26736 7225 11267 98 143 188 16992.32 30.39
42 18406 9667 23136 16093 784 829 874 7979.12 19.57
43 21777 5084 1534 9283 1277 1322 1367 20673.91 34.81
44 20 2017 13455 6650 130 175 220 14211.4 27.05
45 9824 23964 8537 8612 820 865 910 15405.85 28.49
46 1779 4194 8405 25112 258 303 348 21942.35 36.33
47 4375 3730 9951 328 809 854 899 6531.87 17.84
48 15386 2326 22599 14878 -36 9 54 14476.88 27.37
49 2551 16543 8926 13162 1234 1279 1324 7216.08 18.66
50 8969 8197 621 7897 1260 1305 1350 8353.39 20.02
51 9333 14157 10569 1718 1300 1345 1390 12500.26 25.0
52 19466 27102 9438 18096 104 149 194 13478.46 26.17
53 7640 964 18337 1083 564 609 654 10697.66 22.84
54 13870 29605 13114 8551 1264 1309 1354 21067.57 35.28
55 6855 15597 13217 9762 623 668 713 8632.63 20.36
56 10719 10314 1637 2165 738 783 828 12202.0 24.64
57 8657 13969 14658 21179 145 190 235 9380.62 21.26
58 1527 3537 22563 13335 1219 1264 1309 23205.91 37.85
59 17671 10235 1830 24439 810 855 900 21276.53 35.53
60 21769 17320 4414 3921 220 265 310 21925.54 36.31
61 8123 27968 4990 20565 738 783 828 8038.66 19.65
62 8245 7069 13645 22051 314 359 404 15925.46 29.11
63 8528 23122 13662 11552 1243 1288 1333 12657.92 25.19
64 2991 11517 3473 25541 785 830 875 14032.28 26.84
65 5519 12734 1042 926 1341 1386 1431 12628.24 25.15
66 21273 25571 13793 8971 1351 1396 1441 18207.43 31.85
67 3618 12134 6587 23435 1326 1371 1416 11684.5 24.02
68 14996 13579 6860 26851 31 76 121 15567.29 28.68
69 22075 24713 11715 6733 800 845 890 20751.14 34.9
70 13321 4385 9769 22667 1331 1376 1421 18623.86 32.35
71 9657 6878 22919 10392 887 932 977 13719.65 26.46
72 1185 16497 6958 28305 33 78 123 13143.68 25.77
73 19784 819 10423 16277 1350 1395 1440 18071.47 31.69
74 21839 17805 13040 24022 173 218 263 10773.74 22.93
75 5967 22566 229 9122 1380 1425 1470 14617.31 27.54
76 11743 6990 2324 15549 679 724 769 12726.9 25.27
77 21224 10334 2016 4068 704 749 794 20204.21 34.25
78 9864 5762 23804 1573 882 927 972 14555.8 27.47
79 577 13656 22262 5713 -36 9 54 23093.95 37.71
80 1880 29942 19913 8623 249 294 339 27922.91 43.51
81 20679 13819 20155 28072 580 625 670 14262.63 27.12
82 21171 14316 3284 27398 2 47 92 22160.4 36.59
83 12446 8102 19245 8465 207 252 297 6808.68 18.17
84 20108 9933 1133 92 1368 1413 1458 21375.12 35.65
85 651 8746 11303 1799 1389 1434 1479 12717.15 25.26
86 14574 20174 19027 28565 721 766 811 9499.37 21.4
87 14869 1034 10927 8591 918 963 1008 8523.36 20.23
88 14763 23745 18428 5379 1364 1409 1454 18728.11 32.47
89 13608 20974 10734 21291 155 200 245 2891.43 13.47
90 1855 22677 22121 8030 1235 1280 1325 25004.91 40.01
91 3 11898 19590 22135 637 682 727 22100.83 36.52
92 4569 10278 19738 2122 1338 1383 1428 17222.63 30.67
93 5398 11566 22616 2771 585 630 675 19334.21 33.2
94 4591 27743 18442 28907 680 725 770 13899.82 26.68
95 22014 27044 11300 24053 930 975 1020 11123.66 23.35
96 13590 2770 4738 29604 1269 1314 1359 28256.35 43.91
97 2485 15284 7462 15898 313 358 403 5014.73 16.02
98 1984 16518 20504 7234 1306 1351 1396 20716.73 34.86
99 11194 29319 8814 6785 1247 1292 1337 22659.34 37.19
100 2609 13017 6828 25005 44 89 134 12708.74 25.25
101 10678 20568 21775 21410 305 350 395 11128.9 23.35
102 15133 6893 13341 5935 655 700 745 2032.0 12.44
103 14743 20485 4040 29415 755 800 845 13939.12 26.73
104 2089 20676 16643 16792 652 697 742 15063.35 28.08
105 19674 11626 10664 15055 1361 1406 1451 9640.44 21.57
106 8842 23129 13548 6739 90 135 180 17052.23 30.46
107 1310 10476 23325 2070 102 147 192 23565.25 38.28
108 14829 7607 2849 22573 607 652 697 19170.33 33.0
109 5318 10054 37 13152 106 151 196 6122.63 17.35
110 5692 19369 3937 6633 642 687 732 12856.35 25.43
111 5393 3793 23315 21768 563 608 653 25383.04 40.46
112 13171 1261 19343 24237 41 86 131 23790.55 38.55
113 18073 14082 11051 20512 -23 22 67 9521.21 21.43
114 5655 6531 1578 28478 1305 1350 1395 22322.47 36.79
115 20342 8240 18541 16068 1320 1365 1410 8032.51 19.64
116 9850 28826 1608 27937 647 692 737 8289.81 19.95
117 8090 8202 15543 11542 633 678 723 8167.18 19.8
118 12065 28191 7610 2847 1297 1342 1387 25732.57 40.88
119 10011 28562 15335 25464 1360 1405 1450 6159.75 17.39
120 5330 9557 6632 7710 959 1004 1049 2259.78 12.71
121 18275 17588 9292 27663 1364 1409 1454 13498.14 26.2
122 3734 26077 19558 6517 283 328 373 25159.34 40.19
123 14835 22442 12148 11666 1275 1320 1365 11105.95 23.33
124 15839 22790 1363 2191 665 710 755 25176.84 40.21
125 986 22694 9120 10979 768 813 858 14261.95 27.11
126 10882 438 11408 26044 314 359 404 25611.4 40.73
127 6430 22626 3234 3017 1247 1292 1337 19867.75 33.84
128 2282 27456 14405 14330 231 276 321 17867.82 31.44
129 2075 29134 9595 24279 1242 1287 1332 8951.06 20.74
130 761 22635 3951 29259 228 273 318 7352.11 18.82
131 19512 21531 17237 23496 271 316 361 3006.14 13.61
132 4322 14828 262 1009 1226 1271 1316 14403.07 27.28
133 10958 8051 19730 5092 1248 1293 1338 9257.63 21.11
134 13640 22826 544 10502 -15 30 75 17982.94 31.58
135 19616 9667 12942 10376 1367 1412 1457 6711.55 18.05
136 9564 19709 3110 24409 1295 1340 1385 7983.99 19.58
137 20702 27251 5208 18281 1377 1422 1467 17903.21 31.48
138 15096 22587 5348 3954 918 963 1008 21028.84 35.23
139 737 24124 10377 29961 1254 1299 1344 11269.44 23.52
140 7514 97 16447 24816 60 105 150 26283.6 41.54
141 5918 2783 2796 28052 1258 1303 1348 25461.13 40.55
142 570 23149 10604 20538 1330 1375 1420 10368.15 22.44
143 23569 10650 11087 9148 938 983 1028 12572.05 25.09
144 1040 12441 10917 19611 1308 1353 1398 12205.08 24.65
145 20236 5226 3518 3343 1304 1349 1394 16823.71 30.19
146 5997 28448 2888 3696 943 988 1033 24946.49 39.94
147 23639 24211 6324 1579 1369 1414 1459 28495.91 44.2
148 13814 7583 158 25753 561 606 651 22729.61 37.28
149 3649 19016 22334 11787 704 749 794 20034.66 34.04
150 6440 15411 11275 15982 1257 1302 1347 4868.6 15.84
151 5654 17412 17596 8656 623 668 713 14808.07 27.77
152 9270 27953 18736 17769 303 348 393 13903.92 26.68
153 11865 23642 10149 17237 1341 1386 1431 6630.89 17.96
154 6438 25453 21032 1481 18 63 108 28064.95 43.68
155 21613 13207 5826 20825 616 661 706 17528.93 31.03
156 11875 12020 15542 16478 695 740 785 5772.4 16.93
157 16334 12136 15677 2388 43 88 133 9770.12 21.72
158 19019 28084 4820 2442 300 345 390 29310.81 45.17
159 21793 19795 8012 10549 1240 1285 1330 16595.31 29.91
160 15774 2375 13673 13790 40 85 130 11606.74 23.93
161 3285 10799 4501 7340 561 606 651 3666.52 14.4
162 14508 2582 22714 5783 901 946 991 8808.23 20.57
163 20334 23772 21528 23325 107 152 197 1274.93 11.53
164 14246 22066 12299 9526 127 172 217 12690.25 25.23
165 20891 29869 9390 2574 -10 35 80 29619.08 45.54
166 5239 17296 7405 9248 1385 1430 1475 8334.38 20.0
167 16648 12872 986 25399 -21 24 69 20055.52 34.07
168 14992 6947 20733 29305 950 995 1040 23083.31 37.7
169 17260 18692 5615 1469 1242 1287 1332 20790.33 34.95
170 8052 25897 13981 14029 863 908 953 13266.59 25.92
171 10507 16716 3474 27646 622 667 712 12997.23 25.6
172 22471 19972 23471 13086 1290 1335 1380 6958.23 18.35
173 4748 2190 9389 1997 314 359 404 4645.01 15.57
174 617 8574 13596 19830 886 931 976 17179.99 30.62
175 10002 21514 4066 182 190 235 280 22142.5 36.57
176 2709 11189 20295 15458 81 126 171 18096.73 31.72
177 15578 24213 17517 16171 1215 1260 1305 8272.45 19.93
178 7927 19365 13853 3303 167 212 257 17120.32 30.54
179 12668 16476 20496 10924 914 959 1004 9596.99 21.52
180 16590 4028 13192 19875 -10 35 80 16207.21 29.45
181 8930 27289 2808 2932 1275 1320 1365 25114.58 40.14
182 15749 9823 8771 891 673 718 763 11334.6 23.6
183 12973 10784 3444 10148 127 172 217 9550.2 21.46
184 4470 18163 23258 10660 855 900 945 20230.77 34.28
185 12702 1040 16810 24234 759 804 849 23554.98 38.27
186 18624 14795 10073 2664 1308 1353 1398 14841.86 27.81
187 15891 12306 19717 29389 1273 1318 1363 17506.2 31.01
188 3448 13064 23649 16189 604 649 694 20441.28 34.53
189 7651 16169 13917 3951 581 626 671 13731.07 26.48
190 15496 1223 15684 12685 695 740 785 11463.54 23.76
191 19636 15271 12444 27995 1372 1417 1462 14615.92 27.54
192 2107 29098 2941 17239 215 260 305 11888.29 24.27
193 21241 24220 8885 15326 1271 1316 1361 15224.12 28.27
194 1971 28309 13524 27509 1232 1277 1322 11580.67 23.9
195 6420 27606 16128 23324 716 761 806 10610.41 22.73
196 8794 16103 9989 9376 1283 1328 1373 6832.32 18.2
197 21532 8819 9088 1365 886 931 976 14505.7 27.41
198 20940 17468 11015 15976 1370 1415 1460 10036.52 22.04
199 4698 6432 13095 13471 219 264 309 10957.06 23.15
200 9677 8163 10841 19322 1323 1368 1413 11219.54 23.46
201 15577 26985 20961 20663 575 620 665 8303.92 19.96
202 14585 29749 47 9373 231 276 321 25030.68 40.04
203 1629 20500 967 25912 1341 1386 1431 5452.34 16.54
204 9280 3035 9435 22999 259 304 349 19964.6 33.96
205 23888 3707 8998 24897 269 314 359 25898.42 41.08
206 12470 12874 12778 27148 293 338 383 14277.32 27.13
207 19186 2546 12970 1783 1304 1349 1394 6262.65 17.52
208 4514 5632 6811 10312 1352 1397 1442 5213.31 16.26
209 11982 10121 339 24634 289 334 379 18606.09 32.33
210 12199 26745 22945 10138 1315 1360 1405 19780.52 33.74
211 21676 4778 5083 9732 850 895 940 17316.75 30.78
212 23000 23512 14268 11920 -41 4 49 14512.83 27.42
213 1014 21104 19417 2196 288 333 378 26385.28 41.66
214 23029 22772 15418 19908 941 986 1031 8132.02 19.76
215 7976 28226 8762 23986 627 672 717 4312.24 15.17
216 8264 8569 12185 23785 828 873 918 15713.08 28.86
217 21205 18514 15369 8087 152 197 242 11949.11 24.34
218 2845 29706 11711 4387 1360 1405 1450 26826.44 42.19
219 11951 28812 11561 26081 1377 1422 1467 2758.71 13.31
220 9471 26477 12115 29992 638 683 728 4398.4 15.28
221 3933 29294 16696 22612 19 64 109 14406.36 27.29
222 11416 5664 6085 2552 -12 33 78 6172.85 17.41
223 12812 22237 9798 23748 303 348 393 3371.55 14.05
224 11863 18778 1386 7630 236 281 326 15298.54 28.36
225 1636 1433 9214 12625 1379 1424 1469 13516.17 26.22
226 22007 8381 11517 8745 74 119 164 10496.31 22.6
227 21023 9357 7006 27307 288 333 378 22774.52 37.33
228 10949 19405 6848 18608 912 957 1002 4177.73 15.01
229 2523 11389 11480 26288 16 61 106 17384.13 30.86
230 20853 22163 3336 1277 1313 1358 1403 27259.32 42.71
231 17330 28458 6328 20218 1296 1341 1386 13745.6 26.49
232 1640 7849 18495 1401 1304 1349 1394 18046.27 31.66
233 14768 2956 7438 29502 789 834 879 27539.41 43.05
234 11585 22032 19700 13997 68 113 158 11419.91 23.7
235 19789 18090 3670 8763 897 942 987 18622.97 32.35
236 4640 6512 23622 13324 598 643 688 20167.29 34.2
237 16118 6599 10603 19329 22 67 112 13873.29 26.65
238 6263 17688 11778 12743 269 314 359 7407.31 18.89
239 145 29072 11065 20808 1315 1360 1405 13694.53 26.43
240 15426 23508 20709 10566 887 932 977 13978.75 26.77
241 17133 9658 10418 19202 1277 1322 1367 11669.58 24.0
242 22422 12133 20657 7373 1383 1428 1473 5076.69 16.09
243 14777 7120 22027 28552 973 1018 1063 22625.06 37.15
244 6575 22824 7066 24391 915 960 1005 1642.12 11.97
245 20286 25000 15614 3907 724 769 814 21604.22 35.93
246 8661 27145 866 2969 1372 1417 1462 25401.59 40.48
247 16776 24426 13549 25579 809 854 899 3426.8 14.11
248 11534 7535 4195 20904 1309 1354 1399 15250.94 28.3
249 14198 24608 10804 19549 760 805 850 6092.02 17.31
250 19256 22910 21754 22075 604 649 694 2633.86 13.16
251 17278 3724 17354 16028 500 545 590 12304.23 24.77
252 2138 8999 17499 24031 511 556 601 21492.36 35.79
253 8767 11626 13139 863 504 549 594 11617.08 23.94
254 3241 5702 620 16755 418 463 508 11359.51 23.63
255 23476 12155 6989 29370 1045 1090 1135 23836.47 38.6
256 13620 4613 14253 27630 1111 1156 1201 23025.7 37.63
257 15020 22485 8487 5726 322 367 412 17987.33 31.58
258 1725 5700 20398 18063 515 560 605 22394.75 36.87
259 23284 13252 23567 5813 1116 1161 1206 7444.38 18.93
260 316 9111 16609 13653 539 584 629 16914.24 30.3
261 20543 25610 1008 5606 526 571 616 27960.26 43.55
262 11 586 7235 16094 493 538 583 17108.02 30.53
263 12925 26245 14845 12530 1003 1048 1093 13848.74 26.62
264 14363 13590 186 19447 1130 1175 1220 15339.22 28.41
265 6212 7004 23785 12327 491 536 581 18361.5 32.03
266 23197 956 19916 29796 1161 1206 1251 29026.03 44.83
267 22823 15630 3202 10857 1192 1237 1282 20193.2 34.23
268 8248 848 9060 8566 376 421 466 7760.6 19.31
269 18671 10425 7367 18877 1045 1090 1135 14114.42 26.94
270 23987 25069 2163 6284 1194 1239 1284 28795.19 44.55
271 22892 13120 945 29493 977 1022 1067 27381.49 42.86
272 442 5161 22029 25400 507 552 597 29590.8 45.51
273 9646 912 2522 16755 1026 1071 1116 17371.01 30.85
274 14984 28582 16326 22065 422 467 512 6653.74 17.98
275 18609 23159 15229 20120 527 572 617 4545.32 15.45
276 14065 12358 3664 19947 1179 1224 1269 12875.31 25.45
277 21070 8505 16859 4773 991 1036 1081 5626.75 16.75
278 23715 2126 4833 22899 1012 1057 1102 28072.18 43.69
279 19056 8426 10513 9115 433 478 523 8570.74 20.28
280 11237 14876 13930 10080 324 369 414 5500.35 16.6
281 14466 19700 8669 29650 455 500 545 11515.54 23.82
282 21578 5039 22612 4001 1098 1143 1188 1465.13 11.76
283 18326 15996 23730 4357 1066 1111 1156 12832.36 25.4
284 13524 6318 23001 18346 413 458 503 15312.95 28.38
285 4622 19650 21781 16481 992 1037 1082 17449.18 30.94
286 22997 5582 8771 7022 382 427 472 14298.69 27.16
287 18894 29736 16271 29296 1063 1108 1153 2659.65 13.19
288 512 22742 4750 29556 477 522 567 8024.42 19.63
289 12437 12626 1020 5998 1095 1140 1185 13201.45 25.84
290 22009 5713 541 5972 1140 1185 1230 21469.56 35.76
291 20147 4877 6271 23933 494 539 584 23572.75 38.29
292 7202 11055 20468 24489 1041 1086 1131 18880.12 32.66
293 7855 46 20742 8207 406 451 496 15253.74 28.3
294 11773 22331 18629 20217 383 428 473 7174.52 18.61
295 2678 27213 4902 23635 1154 1199 1244 4212.87 15.06
296 5181 29971 6735 11939 1087 1132 1177 18098.84 31.72
297 14312 12851 234 8082 1029 1074 1119 14863.83 27.84
298 19974 26200 16056 11998 508 553 598 14732.53 27.68
299 2582 13507 16150 6245 1125 1170 1215 15389.19 28.47
300 17403 29556 1684 17629 994 1039 1084 19731.71 33.68
301 21834 12928 12224 12929 1054 1099 1144 9610.0 21.53
302 21535 4927 21915 3340 392 437 482 1631.86 11.96
303 12035 15171 12151 3097 1011 1056 1101 12074.56 24.49
304 20782 23654 18939 27688 1069 1114 1159 4435.07 15.32
305 10766 15754 9679 7141 324 369 414 8681.32 20.42
306 1243 18106 14642 21054 409 454 499 13719.47 26.46
307 2790 27658 58 27870 1047 1092 1137 2740.21 13.29
308 21049 5628 13161 13291 1021 1066 1111 10997.37 23.2
309 7934 19874 10451 61 476 521 566 19972.24 33.97
310 20574 9785 21640 26353 538 583 628 16602.26 29.92
311 11979 20978 16908 14650 403 448 493 8021.14 19.63
312 17583 11724 19389 11086 422 467 512 1915.38 12.3
313 19873 19094 3348 25563 484 529 574 17746.09 31.3
314 7602 9294 7500 2906 1029 1074 1119 6388.81 17.67
315 18009 3550 9025 13862 458 503 548 13676.61 26.41
316 7497 9454 17515 9857 438 483 528 10026.1 22.03
317 5227 17083 15277 25762 532 577 622 13278.84 25.93
318 12928 26826 21087 17806 459 504 549 12162.63 24.6
319 18219 13185 14835 11592 1148 1193 1238 3740.2 14.49
320 6262 17495 20896 29128 480 525 570 18694.4 32.43
321 327 1944 6498 4361 1003 1048 1093 6627.45 17.95
322 6063 5804 11105 26104 496 541 586 20916.78 35.1
323 10477 20489 23312 18996 457 502 547 12921.54 25.51
324 16497 16508 16859 28082 460 505 550 11579.66 23.9
325 11110 13778 6203 15588 340 385 430 5230.18 16.28
326 15830 29674 20483 282 348 393 438 29758.03 45.71
327 5392 11262 23942 25180 983 1028 1073 23190.8 37.83
328 17813 24383 10260 13929 1213 1258 1303 12897.05 25.48
329 23785 23983 4084 2269 1089 1134 1179 29319.4 45.18
330 17351 29238 11520 19301 327 372 417 11521.48 23.83
331 5727 11660 17520 27900 436 481 526 20070.19 34.08
332 8945 5705 6530 15366 988 1033 1078 9958.27 21.95
333 22118 10718 11358 21354 1174 1219 1264 15129.51 28.16
334 13843 20237 22443 8180 400 445 490 14809.84 27.77
335 13201 20726 23545 13972 473 518 563 12353.74 24.82
336 8381 7748 6122 17872 318 363 408 10372.97 22.45
337 7708 2075 15392 12077 408 453 498 12612.85 25.14
338 9832 28379 3873 8726 1158 1203 1248 20536.55 34.64
339 23659 26945 822 3645 1164 1209 1254 32625.43 49.15
340 14602 12972 18306 27923 999 1044 1089 15402.99 28.48
341 21691 10966 11541 25083 378 423 468 17387.13 30.86
342 2796 4330 22734 12595 1007 1052 1097 21583.19 35.9
343 4472 23645 22762 2277 524 569 614 28126.78 43.75
344 3939 20699 8063 22135 507 552 597 4366.86 15.24
345 20594 6854 13718 9580 987 1032 1077 7396.65 18.88
346 6326 16374 18700 23918 467 512 557 14492.34 27.39
347 14974 23150 7639 19367 551 596 641 8253.08 19.9
348 16134 3238 15733 19612 1005 1050 1095 16378.91 29.65
349 1129 3175 12170 20608 1153 1198 1243 20635.24 34.76
350 18454 16424 8512 5715 487 532 577 14612.53 27.54
351 8760 12637 5185 16728 323 368 413 5432.95 16.52
352 9107 17924 16563 21391 1044 1089 1134 8222.65 19.87
353 23656 8660 21568 17789 459 504 549 9364.74 21.24
354 16410 22458 12792 4585 1047 1092 1137 18235.52 31.88
355 22591 16634 22134 4940 474 519 564 11702.93 24.04
356 8661 23185 17844 4353 1058 1103 1148 20951.65 35.14
357 9059 1940 4606 6041 1002 1047 1092 6053.71 17.26
358 12244 24312 16671 1339 1058 1103 1148 23395.66 38.07
359 5643 28199 22367 3437 1153 1198 1243 29880.58 45.86
360 7183 17334 21831 752 516 561 606 22125.25 36.55
361 1739 24597 6834 19914 992 1037 1082 6920.22 18.3
362 4713 14899 9811 25716 1160 1205 1250 11958.14 24.35
363 3581 19954 14040 10654 1078 1123 1168 13995.74 26.79
364 7229 23957 5918 13193 525 570 615 10843.54 23.01
365 12683 28421 19526 22757 428 473 518 8882.99 20.66
366 18638 19992 6574 6735 1025 1070 1115 17924.51 31.51
367 6102 24955 20068 20711 1022 1067 1112 14596.6 27.52
368 3354 25437 16808 16715 510 555 600 16033.82 29.24
369 3881 15911 16747 10744 1081 1126 1171 13864.77 26.64
370 1989 2071 7606 26858 1178 1223 1268 25415.47 40.5
371 12990 19154 13438 18948 1050 1095 1140 493.09 10.59
372 1357 22375 54 19620 1090 1135 1180 3047.59 13.66
373 3447 20333 11579 3065 1028 1073 1118 19086.99 32.9
374 15543 24786 5903 15132 494 539 584 13642.92 26.37
375 12775 13460 10597 13109 513 558 603 2206.1 12.65
376 2031 22011 21159 13318 463 508 553 21010.68 35.21
377 13916 3032 14180 10147 1010 1055 1100 7119.9 18.54
378 3591 17036 19670 986 528 573 618 22718.64 37.26
379 7183 15239 19382 21091 546 591 636 13530.02 26.24
380 2168 1045 21628 21080 506 551 596 27930.14 43.52
381 16211 23676 14086 5842 1017 1062 1107 17960.16 31.55
382 23791 432 3370 2230 1165 1210 1255 20500.0 34.6
383 852 12058 7641 12152 1023 1068 1113 6789.65 18.15
384 18978 28507 8014 7664 546 591 636 23550.79 38.26
385 21198 5332 7590 27334 1185 1230 1275 25870.17 41.04
386 6061 17355 17683 2773 455 500 545 18646.87 32.38
387 10885 29618 23355 17679 1203 1248 1293 17263.85 30.72
388 21474 7869 16089 13296 978 1023 1068 7645.3 19.17
389 9869 15984 6784 5658 406 451 496 10776.99 22.93
390 400 7246 9741 28592 1170 1215 1260 23300.34 37.96
391 23572 25484 13507 20630 342 387 432 11174.33 23.41
392 16650 10729 14223 13072 1131 1176 1221 3373.42 14.05
393 7241 28194 9465 6933 371 416 461 21377.0 35.65
394 8541 7489 16178 15459 1188 1233 1278 11038.33 23.25
395 12526 27418 911 80 418 463 508 29703.11 45.64
396 7348 654 18604 26269 1081 1126 1171 27979.02 43.57
397 5901 16738 21653 27900 1008 1053 1098 19305.85 33.17
398 3827 16708 5043 20642 1022 1067 1112 4117.65 14.94
399 21773 13199 13489 29254 464 509 554 18066.2 31.68
400 2249 13908 6373 24774 486 531 576 11622.28 23.95
401 16050 28661 23941 18663 484 529 574 12736.87 25.28
402 13152 27599 13053 21497 355 400 445 6102.8 17.32
403 16258 3518 5754 29721 975 1020 1065 28229.97 43.88
404 20269 1149 12275 2093 406 451 496 8049.54 19.66
405 2517 25684 4243 27106 1137 1182 1227 2236.33 12.68
406 17950 24117 3443 6245 354 399 444 23018.72 37.62
407 597 14413 18052 28734 1130 1175 1220 22578.04 37.09
408 313 3933 6482 2652 1119 1164 1209 6300.6 17.56
409 20603 9634 4071 8876 496 541 586 16549.37 29.86
410 19307 10477 22682 27376 1071 1116 1161 17232.73 30.68
411 14432 24709 18782 17067 1096 1141 1186 8793.33 20.55
412 10295 8279 16009 7098 516 561 606 5834.77 17.0
413 7042 16886 11439 7996 1043 1088 1133 9917.95 21.9
414 10669 1072 15942 17785 483 528 573 17525.09 31.03
415 16076 17253 19952 27155 542 587 632 10633.58 22.76
416 942 24566 14659 22650 986 1031 1076 13850.17 26.62
417 3795 27787 17836 21327 473 518 563 15455.78 28.55
418 2184 22294 2972 28517 1189 1234 1279 6272.69 17.53
419 2179 19700 22926 9589 445 490 535 23079.65 37.7
420 6690 25119 3959 26199 352 397 442 2936.79 13.52
421 14326 9036 12660 12367 431 476 521 3724.39 14.47
422 5598 4075 16715 7695 429 474 519 11691.54 24.03
423 8903 13874 1049 20353 359 404 449 10181.49 22.22
424 3049 22006 3059 12973 376 421 466 9033.01 20.84
425 11485 21282 9768 6959 548 593 638 14425.55 27.31
426 16752 25274 21838 8293 1092 1137 1182 17726.3 31.27
427 16513 13587 14016 15235 346 391 436 2991.81 13.59
428 13439 3871 13168 26979 1126 1171 1216 23109.59 37.73
429 19351 11029 5688 55 1203 1248 1293 17524.45 31.03
430 15330 18786 15115 18445 525 570 615 403.12 10.48
431 14881 29045 20330 17754 987 1032 1077 12537.08 25.04
432 1273 12578 16725 7458 1124 1169 1214 16278.17 29.53
433 3779 19260 351 1307 1039 1084 1129 18277.35 31.93
434 16048 21751 4179 21516 1012 1057 1102 11871.33 24.25
435 4765 9661 3126 11232 1135 1180 1225 2270.32 12.72
436 9980 7073 7966 892 1174 1219 1264 6500.84 17.8
437 13157 3204 3064 5589 515 560 605 10370.96 22.45
438 19698 29312 7951 17126 391 436 481 16926.03 30.31
439 18030 15558 3002 10630 1111 1156 1201 15815.37 28.98
440 9454 20194 18096 2952 385 430 475 19286.54 33.14
441 10624 2770 1936 9916 536 581 626 11249.3 23.5
442 10637 12326 8009 24827 1006 1051 1096 12774.25 25.33
443 3993 19940 1254 18859 523 568 613 2944.6 13.53
444 440 27372 20331 10552 438 483 528 26049.27 41.26
445 11107 10536 21728 19309 1163 1208 1253 13775.75 26.53
446 17685 28988 12162 17196 547 592 637 13021.32 25.63
447 8564 10984 15597 10762 496 541 586 7036.5 18.44
448 18900 7093 20191 164 1073 1118 1163 7048.24 18.46
449 18841 8686 23816 7192 1104 1149 1194 5194.48 16.23
450 21704 27900 22356 2190 470 515 560 25718.27 40.86
451 8760 17169 3198 18806 1202 1247 1292 5797.9 16.96
452 14843 15709 22460 21181 1079 1124 1169 9378.78 21.25
453 19962 22030 17815 24729 546 591 636 3448.8 14.14
454 12685 2023 4082 27577 1139 1184 1229 26963.28 42.36
455 17503 278 4585 13120 383 428 473 18215.15 31.86
456 12546 2887 17947 24043 403 448 493 21834.54 36.2
457 18371 25888 20798 22445 1033 1078 1123 4212.43 15.05
458 16006 27893 2888 1832 1039 1084 1129 29176.32 45.01
459 4035 26986 21751 14674 411 456 501 21574.1 35.89
460 6334 25106 5945 28182 1096 1141 1186 3100.5 13.72
461 13896 26712 11979 2470 397 442 487 24317.68 39.18
462 18463 19127 6957 23356 1152 1197 1242 12258.57 24.71
463 4508 26836 9543 20847 1055 1100 1145 7824.28 19.39
464 4008 7749 2594 9176 1031 1076 1121 2008.91 12.41
465 23558 18781 1656 20336 499 544 589 21957.13 36.35
466 2599 9784 2193 8591 1064 1109 1154 1260.19 11.51
467 15956 6163 19549 6495 1193 1238 1283 3608.31 14.33
468 20522 13998 10673 8704 1054 1099 1144 11181.65 23.42
469 9785 1269 7518 13704 1042 1087 1132 12639.96 25.17
470 1110 18357 11520 9614 409 454 499 13594.42 26.31
471 3839 9491 6400 25124 348 393 438 15841.38 29.01
472 10656 5278 11100 28506 389 434 479 23232.24 37.88
473 17780 3686 5003 22379 1069 1114 1159 22642.44 37.17
474 5520 1533 22494 22192 391 436 481 26737.82 42.09
475 12119 26033 19258 5876 1111 1156 1201 21383.87 35.66
476 14485 1260 16793 8725 389 434 479 7813.65 19.38
477 5913 4640 7469 17617 378 423 468 13069.95 25.68
478 5065 19153 1542 29317 382 427 472 10757.25 22.91
479 396 2411 227 4440 1180 1225 1270 2036.03 12.44
480 10199 29077 8552 6129 1089 1134 1179 23007.03 37.61
481 3515 8657 6415 6115 1147 1192 1237 3856.39 14.63
482 10016 18749 21104 23197 1082 1127 1172 11946.9 24.34
483 12883 11362 21038 21836 1056 1101 1146 13274.36 25.93
484 12364 15053 16551 22301 1151 1196 1241 8370.45 20.04
485 23816 15824 8083 2568 1108 1153 1198 20573.01 34.69
486 894 25979 14116 15942 323 368 413 16600.08 29.92
487 23357 14087 8651 9239 1125 1170 1215 15484.49 28.58
488 5553 2605 3301 16009 437 482 527 13591.86 26.31
489 8898 11411 9359 309 1065 1110 1155 11111.57 23.33
490 1469 19372 8647 29962 370 415 460 12793.43 25.35
491 2053 21640 15851 25752 1022 1067 1112 14397.69 27.28
492 3702 5701 7405 25402 440 485 530 20045.99 34.06
493 10836 27758 18440 11456 981 1026 1071 17988.22 31.59
494 17462 10656 3375 14109 1180 1225 1270 14504.03 27.4
495 3992 3228 21713 23687 1177 1222 1267 27066.67 42.48
496 8596 23308 22326 2042 1210 1255 1300 25313.15 40.38
497 18082 11706 1128 16697 342 387 432 17673.38 31.21
498 13191 29199 13098 26558 1182 1227 1272 2642.64 13.17
499 10248 16148 22357 20953 1024 1069 1114 13027.51 25.63
500 16251 5100 1476 20267 502 547 592 21174.01 35.41
