250 5
12000 15000
1 14043 5690 8545 22728 933 978 1023 17903.11 31.48
2 8236 19649 18484 726 1224 1269 1314 21519.79 35.82
3 9240 5827 18385 19982 578 623 668 16852.15 30.22
4 19912 25518 13184 5478 169 214 259 21139.24 35.37
5 10335 2897 13980 10139 1256 1301 1346 8107.56 19.73
6 15035 28236 22881 8045 1255 1300 1345 21661.86 35.99
7 2674 7401 5909 599 859 904 949 7532.09 19.04
8 611 15848 19138 29629 1272 1317 1362 23090.38 37.71
9 4088 26781 6531 23366 1266 1311 1356 4198.87 15.04
10 5037 7469 23046 22372 1292 1337 1382 23375.7 38.05
11 21088 3355 6928 12799 936 981 1026 17020.42 30.42
12 5407 17497 15017 25010 1366 1411 1456 12198.25 24.64
13 20817 18544 17365 16724 217 262 307 3902.4 14.68
14 3176 781 10896 46 856 901 946 7754.91 19.31
15 6674 23479 4468 12349 313 358 403 11346.51 23.62
16 22441 21968 13544 23824 1246 1291 1336 9088.53 20.91
17 7535 12519 18498 29138 924 969 1014 19909.26 33.89
18 3007 21525 3219 15195 680 725 770 6333.55 17.6
19 13090 28537 8039 20658 195 240 285 9359.02 21.23
20 1150 29137 2358 172 1282 1327 1372 28990.18 44.79
21 15339 6073 9654 21376 1239 1284 1329 16324.86 29.59
22 11851 19067 15461 29205 855 900 945 10761.56 22.91
23 19445 6981 13784 11506 243 288 333 7247.24 18.7
24 23820 10250 20109 4676 1218 1263 1308 6696.34 18.04
25 22660 2180 3526 26285 1333 1378 1423 30775.98 46.93
26 6896 18557 4938 255 240 285 330 18406.44 32.09
27 9101 24444 2554 12642 102 147 192 13496.31 26.2
28 3066 14011 1287 26601 812 857 902 12715.07 25.26
29 13405 3909 18607 7117 1261 1306 1351 6111.63 17.33
30 19759 19966 4027 13099 1299 1344 1389 17165.42 30.6
31 7882 1635 6072 7234 645 690 735 5884.29 17.06
32 7991 19892 18824 17109 942 987 1032 11184.77 23.42
33 5368 26594 15953 22569 185 230 275 11324.44 23.59
34 10678 15913 20885 25983 1323 1368 1413 14338.33 27.21
35 6586 3106 6131 27413 1304 1349 1394 24311.26 39.17
36 7960 4542 20547 29492 1279 1324 1369 27945.22 43.53
37 16825 21743 4760 2087 1387 1432 1477 23063.45 37.68
38 21141 27252 23127 6703 780 825 870 20644.75 34.77
39 10908 27962 14975 21551 568 613 658 7592.19 19.11
40 12541 2710 20786 26631 1280 1325 1370 25302.06 40.36
41 9268 20939 10650 28348 93 138 183 7536.79 19.04
42 20106 5204 7983 7691 1229 1274 1319 12375.47 24.85
43 3266 6724 16499 2953 81 126 171 13759.82 26.51
44 1086 26776 10755 18560 826 871 916 12688.27 25.23
45 22029 19603 8492 4745 1318 1363 1408 20100.01 34.12
46 3363 8021 3058 24739 907 952 997 16720.78 30.06
47 7298 10931 735 15718 731 776 821 8123.32 19.75
48 975 669 15024 22567 1225 1270 1315 26017.24 41.22
49 23499 11278 17966 11246 30 75 120 5533.09 16.64
50 5100 481 413 27687 235 280 325 27606.78 43.13
51 8777 2177 9987 20105 265 310 355 17968.79 31.56
52 13924 29094 367 9760 40 85 130 23613.47 38.34
53 21358 25516 19430 10954 168 213 258 14689.08 27.63
54 21463 27773 21128 24944 174 219 264 2848.77 13.42
55 13886 8276 22029 4757 1379 1424 1469 8870.84 20.65
56 19457 29655 4814 2063 837 882 927 31236.77 47.48
57 11424 23835 1894 12496 1359 1404 1449 14811.95 27.77
58 10811 25262 13523 14610 1332 1377 1422 10991.82 23.19
59 3696 22908 12385 10555 885 930 975 15102.83 28.12
60 13667 3809 11576 19243 602 647 692 15575.0 28.69
61 20678 26692 13323 13417 183 228 273 15176.35 28.21
62 10072 14674 20915 2061 -14 31 76 16633.05 29.96
63 12400 18500 13099 27065 728 773 818 8593.48 20.31
64 13018 14841 17149 26839 -12 33 78 12689.25 25.23
65 6806 29200 3037 1410 1250 1295 1340 28044.42 43.65
66 1834 7689 12105 11289 1247 1292 1337 10883.63 23.06
67 11697 25352 22531 4711 775 820 865 23311.51 37.97
68 3496 14702 22815 8020 1321 1366 1411 20441.94 34.53
69 23448 9578 574 3540 57 102 147 23657.5 38.39
70 18661 4284 4913 16949 55 100 145 18692.5 32.43
71 8146 9645 7047 3412 1317 1362 1407 6329.15 17.59
72 19697 17540 17740 27108 1238 1283 1328 9766.09 21.72
73 12911 3805 9897 12962 215 260 305 9640.27 21.57
74 9739 21289 11169 1650 607 652 697 19690.99 33.63
75 18582 18176 7530 4299 189 234 279 17740.29 31.29
76 22309 21838 18696 23852 819 864 909 4136.42 14.96
77 12296 26156 8516 21189 1224 1269 1314 6241.75 17.49
78 16778 29599 16206 10778 649 694 739 18829.69 32.6
79 932 14878 15677 3354 218 263 308 18714.1 32.46
80 11763 20732 3608 8252 268 313 358 14908.2 27.89
81 4789 28191 8857 26298 115 160 205 4486.88 15.38
82 126 29616 3566 4681 172 217 262 25171.17 40.21
83 11979 10275 9032 12046 631 676 721 3438.2 14.13
84 22714 25778 2587 16083 819 864 909 22340.3 36.81
85 6849 1444 7020 1980 308 353 398 562.62 10.68
86 5669 18066 19343 23530 921 966 1011 14725.27 27.67
87 18589 26704 5283 1563 1245 1290 1335 28445.03 44.13
88 19985 28897 13603 29159 208 253 298 6387.38 17.66
89 12515 22662 8079 2062 8 53 98 21072.21 35.29
90 23160 12196 1652 3356 288 333 378 23253.81 37.9
91 187 26764 10542 14574 47 92 137 15994.44 29.19
92 18529 3861 6659 2487 1258 1303 1348 11949.26 24.34
93 10047 28655 12158 637 -26 19 64 28097.41 43.72
94 2913 29299 15769 13276 771 816 861 20542.96 34.65
95 5389 3729 17905 2254 737 782 827 12602.61 25.12
96 18973 22415 16050 26806 222 267 312 5274.92 16.33
97 17793 12261 16109 27798 1318 1363 1408 15627.99 28.75
98 21142 12602 14710 22585 805 850 895 11875.64 24.25
99 18573 1653 9050 2353 577 622 667 9548.69 21.46
100 21833 28922 7078 12973 1336 1381 1426 21727.42 36.07
101 16559 21411 1288 17106 46 91 136 15866.21 29.04
102 777 21109 8623 23976 59 104 149 8353.41 20.02
103 11909 22108 12518 13759 844 889 934 8371.18 20.05
104 14565 27725 17194 23552 29 74 119 4932.1 15.92
105 13753 4794 4525 12818 1284 1329 1374 12228.68 24.67
106 20617 14952 22695 6217 -12 33 78 8978.77 20.77
107 19775 21015 21364 9525 292 337 382 11599.35 23.92
108 10600 2712 4897 7120 171 216 261 7207.96 18.65
109 10427 9930 18449 16817 1241 1286 1331 10572.76 22.69
110 1827 27184 13114 21703 914 959 1004 12547.42 25.06
111 20229 7615 11282 26664 -43 2 47 21045.5 35.25
112 19370 20138 23645 10465 957 1002 1047 10575.56 22.69
113 15178 26964 15433 26725 1349 1394 1439 349.49 10.42
114 18877 1232 10935 5547 941 986 1031 9038.51 20.85
115 3685 1002 14045 15319 835 880 925 17672.18 31.21
116 21096 10027 14144 20801 1237 1282 1327 12822.22 25.39
117 21148 18217 11588 13394 1330 1375 1420 10707.7 22.85
118 5274 24040 13772 25020 814 859 904 8554.32 20.27
119 18977 11736 8976 12664 246 291 336 10043.96 22.05
120 21129 22499 8023 24046 1255 1300 1345 13196.99 25.84
121 5140 5644 23910 16260 902 947 992 21564.15 35.88
122 23272 29889 12911 6811 31 76 121 25297.12 40.36
123 2036 21259 4074 26794 1239 1284 1329 5898.28 17.08
124 19288 10040 21976 7514 1320 1365 1410 3688.63 14.43
125 10137 14535 15132 19930 835 880 925 7352.28 18.82
126 18396 7774 12629 16885 1038 1083 1128 10782.79 22.94
127 21953 3921 9773 13048 1181 1226 1271 15220.2 28.26
128 20623 18344 3148 24251 1040 1085 1130 18446.36 32.14
129 20158 3290 15746 26253 381 426 471 23383.01 38.06
130 8157 7366 6969 12040 1160 1205 1250 4822.62 15.79
131 11293 27769 21825 27615 488 533 578 10533.13 22.64
132 8457 16066 15496 920 462 507 552 16701.76 30.04
133 20824 6420 5992 27149 419 464 509 25488.81 40.59
134 14171 16460 11051 13466 458 503 548 4324.17 15.19
135 22528 21149 16364 10760 448 493 538 12079.99 24.5
136 13533 9007 19883 3934 1151 1196 1241 8127.6 19.75
137 6208 3272 17412 27366 500 545 590 26571.61 41.89
138 15032 23462 4627 7624 1112 1157 1202 18950.1 32.74
139 15006 12776 13846 24334 454 499 544 11616.06 23.94
140 9469 29807 13817 7786 538 583 628 22446.15 36.94
141 9034 17280 6160 3259 362 407 452 14312.52 27.18
142 13664 29009 21049 22320 456 501 546 9963.98 21.96
143 10301 3237 6343 27856 1053 1098 1143 24935.13 39.92
144 7570 28404 22378 20447 464 509 554 16810.43 30.17
145 20553 15686 17181 14853 1076 1121 1166 3473.37 14.17
146 2341 29495 23191 26192 503 548 593 21110.0 35.33
147 18885 8064 6180 10362 1059 1104 1149 12911.15 25.49
148 19022 1761 18256 24207 1078 1123 1168 22459.07 36.95
149 10452 23741 12153 5514 315 360 405 18306.2 31.97
150 22226 10062 17667 29899 345 390 435 20354.14 34.42
151 12837 9857 9820 3087 326 371 416 7411.83 18.89
152 14884 829 10362 24947 1159 1204 1249 24538.26 39.45
153 11021 5861 10803 3180 1115 1160 1205 2689.85 13.23
154 9362 18262 226 13190 471 516 561 10449.48 22.54
155 10878 2730 4176 2860 1063 1108 1153 6703.26 18.04
156 18976 19604 3853 24106 1051 1096 1141 15778.88 28.93
157 667 29816 19908 5746 382 427 472 30815.27 46.98
158 5162 15478 22213 5646 1096 1141 1186 19682.6 33.62
159 12298 1672 13871 14115 383 428 473 12542.03 25.05
160 19270 108 15913 146 1100 1145 1190 3357.22 14.03
161 23168 16900 16350 23302 379 424 469 9352.58 21.22
162 19697 12999 6646 27513 1068 1113 1158 19518.83 33.42
163 23570 10567 14745 15518 1190 1235 1280 10118.94 22.14
164 5934 3427 8896 28421 393 438 483 25168.9 40.2
165 16560 13552 4562 28078 1094 1139 1184 18840.29 32.61
166 8222 9390 19811 26946 1163 1208 1253 21036.11 35.24
167 21826 2053 8591 28576 359 404 449 29641.77 45.57
168 18462 14823 11519 23679 1184 1229 1274 11253.18 23.5
169 11092 11171 11415 28438 1033 1078 1123 17270.02 30.72
170 22342 2513 6262 16697 1036 1081 1126 21441.83 35.73
171 19054 13310 20874 341 426 471 516 13096.08 25.72
172 18291 12430 13422 15751 1209 1254 1299 5893.74 17.07
173 16192 1501 12770 4690 504 549 594 4677.59 15.61
174 168 15763 8844 3942 378 423 468 14663.19 27.6
175 2566 22342 13527 11857 511 556 601 15168.35 28.2
176 6089 13757 7443 21498 525 570 615 7858.52 19.43
177 20921 17138 9475 8769 362 407 452 14179.25 27.02
178 14907 1926 5510 15617 980 1025 1070 16605.63 29.93
179 19800 27015 19406 8379 1110 1155 1200 18640.16 32.37
180 16048 795 1591 6108 1213 1258 1303 15402.36 28.48
181 19996 15971 1283 25104 460 505 550 20822.78 34.99
182 8304 21502 19451 14106 1014 1059 1104 13377.46 26.05
183 15222 9 1122 11193 538 583 628 17997.0 31.6
184 3824 21651 16647 14606 1066 1111 1156 14630.84 27.56
185 48 17251 6663 28569 389 434 479 13109.36 25.73
186 3393 16376 9468 7632 518 563 608 10647.21 22.78
187 4647 9406 13052 25026 1125 1170 1215 17737.77 31.29
188 6076 26860 20272 15656 339 384 429 18084.69 31.7
189 19942 2878 3853 24817 513 558 603 27206.17 42.65
190 3569 22110 19536 11722 995 1040 1085 19048.77 32.86
191 21503 25887 982 2847 997 1042 1087 30853.74 47.02
192 2316 4738 15678 15160 528 573 618 16945.83 30.33
193 9 29853 9026 13408 1087 1132 1177 18754.85 32.51
194 6837 12902 6937 15687 395 440 485 2786.79 13.34
195 1257 2613 7436 18808 1113 1158 1203 17333.73 30.8
196 14201 4103 1233 20336 536 581 626 20776.89 34.93
197 17039 22582 10265 28351 466 511 556 8897.66 20.68
198 19844 29019 4994 24341 344 389 434 15569.4 28.68
199 16949 5065 18894 27077 1099 1144 1189 22097.76 36.52
200 12381 18112 1981 15136 346 391 436 10817.42 22.98
201 17348 27217 11146 27847 1100 1145 1190 6233.92 17.48
202 8044 16776 2428 19062 1019 1064 1109 6063.44 17.28
203 17851 8447 21908 26545 439 484 529 18547.15 32.26
204 22248 17211 15329 12214 343 388 433 8534.79 20.24
205 9550 25062 21587 23221 378 423 468 12176.97 24.61
206 17157 21454 8097 18680 471 516 561 9475.16 21.37
207 6680 237 10255 12114 986 1031 1076 12403.38 24.88
208 801 5713 7427 7705 386 431 476 6918.96 18.3
209 3251 7667 18929 7766 485 530 575 15678.31 28.81
210 23971 16912 3047 14 1201 1246 1291 26895.28 42.27
211 11182 4511 8836 27044 1212 1257 1302 22654.8 37.19
212 5869 11346 23413 16577 1210 1255 1300 18307.25 31.97
213 10936 4116 16208 6226 1003 1048 1093 5678.56 16.81
214 21411 26857 4843 13021 1094 1139 1184 21585.49 35.9
215 12687 24513 267 24838 504 549 594 12424.25 24.91
216 15129 15156 8449 13936 327 372 417 6790.49 18.15
217 2889 18093 11611 26924 1008 1053 1098 12412.08 24.89
218 7978 4975 2648 24281 1002 1047 1092 20028.24 34.03
219 17999 20984 23173 9850 1017 1062 1107 12277.47 24.73
220 7424 14540 10906 28269 415 460 505 14163.68 27.0
221 5026 25709 17524 23085 405 450 495 12770.49 25.32
222 2127 7377 1193 5413 995 1040 1085 2174.78 12.61
223 3719 5158 1633 22093 483 528 573 17062.99 30.48
224 23272 12809 12371 17177 1031 1076 1121 11743.56 24.09
225 12616 19249 2645 4444 532 577 622 17849.62 31.42
226 6270 20814 1191 18594 1164 1209 1254 5542.98 16.65
227 3173 729 17362 27412 1197 1242 1287 30221.02 46.27
228 22407 28152 10867 7445 1026 1071 1116 23705.52 38.45
229 23770 27842 19362 17570 392 437 482 11177.86 23.41
230 3176 27302 19265 20463 1170 1215 1260 17482.22 30.98
231 13553 19009 5878 22818 1168 1213 1258 8568.2 20.28
232 2024 22538 5165 26201 409 454 499 4825.29 15.79
233 10226 12767 20600 23057 545 590 635 14611.78 27.53
234 1318 10108 22876 17093 996 1041 1086 22661.37 37.19
235 18672 24137 4846 20462 1080 1125 1170 14306.08 27.17
236 8448 16323 22483 21798 1020 1065 1110 15065.09 28.08
237 18723 22742 2345 16234 367 412 457 17623.65 31.15
238 17796 25538 11467 14846 1129 1174 1219 12424.78 24.91
239 9825 24720 3884 848 369 414 459 24600.16 39.52
240 9365 9211 13228 4703 318 363 408 5936.74 17.12
241 15477 13723 12636 22801 351 396 441 9512.17 21.41
242 21777 21099 269 14857 462 507 552 22395.46 36.87
243 12797 13177 19508 18570 1120 1165 1210 8609.41 20.33
244 7836 14880 20956 22264 1033 1078 1123 15055.16 28.07
245 21018 382 14540 6715 514 559 604 9059.33 20.87
246 2134 5252 20264 19241 366 411 456 22899.54 37.48
247 723 897 4539 6251 1091 1136 1181 6574.74 17.89
248 459 15708 23579 28812 476 521 566 26575.35 41.89
249 12440 14936 17800 27407 1206 1251 1296 13574.07 26.29
250 2706 26825 12302 5183 1092 1137 1182 23674.02 38.41
