1000 9
12000 15000
1 10905 13641 343 28197 676 721 766 17984.24 31.58
2 21464 22410 1631 20705 -20 25 70 19906.15 33.89
3 23366 28318 17197 17458 1312 1357 1402 12489.84 24.99
4 8940 26156 1475 10317 35 80 125 17510.0 31.01
5 8580 949 6199 11603 14 59 104 10916.82 23.1
6 14807 12526 23090 26096 27 72 117 15898.21 29.08
7 12309 3811 18135 8819 1300 1345 1390 7682.6 19.22
8 17944 26757 22550 1941 167 212 257 25239.83 40.29
9 9946 6253 6261 11935 1269 1314 1359 6772.32 18.13
10 21351 3778 8599 8472 203 248 293 13588.49 26.31
11 14568 19591 9741 19875 595 640 685 4835.35 15.8
12 6196 11481 8562 7960 874 919 964 4242.1 15.09
13 4505 14824 18934 22267 963 1008 1053 16235.59 29.48
14 14709 2771 20408 17726 272 317 362 16004.08 29.2
15 6924 28286 13048 12374 1350 1395 1440 17049.78 30.46
16 15961 26997 19228 8759 809 854 899 18528.3 32.23
17 4940 572 13238 22082 716 761 806 23055.08 37.67
18 4826 19203 12773 24858 576 621 666 9753.66 21.7
19 14174 1407 12420 1896 1322 1367 1412 1820.89 12.19
20 4207 16575 14436 27610 751 796 841 15046.72 28.06
21 2427 15176 5555 4915 -42 3 48 10727.19 22.87
22 17996 1014 19403 15032 1292 1337 1382 14088.43 26.91
23 12929 26071 23709 14172 1238 1283 1328 16055.98 29.27
24 8169 15540 15566 7082 276 321 366 11236.25 23.48
25 22712 16382 22498 28167 590 635 680 11786.94 24.14
26 6281 18564 681 17862 121 166 211 5643.83 16.77
27 16236 18263 16313 14553 1276 1321 1366 3710.8 14.45
28 18175 5689 8527 11 1244 1289 1334 11194.8 23.43
29 23073 12223 11513 21672 846 891 936 14930.41 27.92
30 4277 19285 16949 23972 58 103 148 13511.02 26.21
31 16323 14766 15941 25200 129 174 219 10440.99 22.53
32 105 5707 12514 14569 312 357 402 15248.55 28.3
33 8889 18967 13303 2738 777 822 867 16818.56 30.18
34 4422 7846 23852 11186 23 68 113 19714.98 33.66
35 3341 18535 20383 15806 1349 1394 1439 17259.12 30.71
36 23759 19640 14588 7713 790 835 880 15045.28 28.05
37 19893 6830 3087 3800 1355 1400 1445 17076.96 30.49
38 14819 18185 22999 17545 88 133 178 8205.0 19.85
39 6796 28055 2703 14259 950 995 1040 14390.35 27.27
40 17092 21128 8149 28178 1340 1385 1430 11387.7 23.67
41 19444 1420 453 5333 1252 1297 1342 19389.94 33.27
42 11297 14746 11730 19233 917 962 1007 4507.84 15.41
43 17251 13400 4572 8379 1218 1263 1308 13636.99 26.36
44 3023 16406 13268 20556 41 86 131 11053.62 23.26
45 11155 5643 21576 11319 1394 1439 1484 11866.52 24.24
46 19556 8388 74 20684 195 240 285 23037.79 37.65
47 2012 12044 22230 3991 625 670 715 21762.77 36.12
48 3381 8602 2135 18614 261 306 351 10089.23 22.11
49 2141 26965 17528 11827 1273 1318 1363 21585.15 35.9
50 2440 23851 22917 20901 674 719 764 20688.4 34.83
51 23432 3360 18040 2788 1345 1390 1435 5422.25 16.51
52 20349 26469 16146 12346 1393 1438 1483 14735.14 27.68
53 17411 24366 6775 27605 875 920 965 11118.26 23.34
54 23795 16261 7591 5591 914 959 1004 19401.51 33.28
55 6129 23523 6782 9225 782 827 872 14312.9 27.18
56 17375 3973 18583 6221 1374 1419 1464 2552.01 13.06
57 22910 3233 13140 1599 168 213 258 9905.7 21.89
58 17844 4886 4225 14399 678 723 768 16612.48 29.93
59 19230 26600 6291 15553 156 201 246 17013.35 30.42
60 3591 10099 4101 25084 933 978 1023 14993.68 27.99
61 2038 6704 10882 15592 31 76 121 12538.46 25.05
62 21514 10638 4313 29208 714 759 804 25312.43 40.37
63 20728 23734 10411 11684 677 722 767 15863.26 29.04
64 12609 24547 769 10585 908 953 998 18306.37 31.97
65 6141 29759 1766 13104 1217 1262 1307 17220.04 30.66
66 438 7200 22149 18225 863 908 953 24349.91 39.22
67 18835 15343 16466 24049 852 897 942 9022.56 20.83
68 2467 19868 7724 26961 945 990 1035 8828.74 20.59
69 12969 8204 19752 26548 243 288 333 19557.9 33.47
70 21495 26167 21841 29511 1385 1430 1475 3361.85 14.03
71 7792 21238 12633 8340 758 803 848 13776.56 26.53
72 493 27954 11198 18705 964 1009 1054 14147.12 26.98
73 9909 26145 19662 14980 266 311 356 14824.92 27.79
74 19357 29482 13959 9030 1262 1307 1352 21152.37 35.38
75 6510 2689 1574 17292 129 174 219 15414.66 28.5
76 2989 16912 9222 284 282 327 372 17757.83 31.31
77 19334 2175 20966 9714 671 716 761 7713.62 19.26
78 16253 14344 7537 10067 1318 1363 1408 9708.83 21.65
79 9978 20524 9055 2571 785 830 875 17976.71 31.57
80 7721 1329 22840 18482 709 754 799 22865.03 37.44
81 21071 20135 11436 9357 -34 11 56 14456.78 27.35
82 10723 19583 5514 21896 107 152 197 5699.44 16.84
83 7837 18039 5892 16680 191 236 281 2372.74 12.85
84 3852 20498 4763 29115 1357 1402 1447 8665.02 20.4
85 4991 12299 514 16244 57 102 147 5967.12 17.16
86 5166 1204 10388 25922 690 735 780 25263.59 40.32
87 16676 11466 15336 16830 1310 1355 1400 5528.84 16.63
88 18054 2641 14339 25948 1319 1364 1409 23601.22 38.32
89 1083 28626 21673 18696 719 764 809 22859.42 37.43
90 18768 10613 22158 11698 1348 1393 1438 3559.4 14.27
91 4399 16984 1840 18995 290 335 380 3254.63 13.91
92 23910 9385 6192 16427 1316 1361 1406 19066.13 32.88
93 9653 12766 7934 13766 1272 1317 1362 1988.71 12.39
94 6317 26722 13145 29557 175 220 265 7393.16 18.87
95 17468 5743 9540 2650 293 338 383 8509.98 20.21
96 10018 1584 4809 6062 656 701 746 6869.22 18.24
97 7250 18808 5956 19548 305 350 395 1490.65 11.79
98 13413 3542 22045 7296 1350 1395 1440 9412.97 21.3
99 12450 9923 17154 21907 192 237 282 12874.16 25.45
100 20140 29415 23633 6261 923 968 1013 23415.99 38.1
101 16462 13988 18631 3122 791 836 881 11080.37 23.3
102 21867 4581 3621 13140 1289 1334 1379 20153.73 34.18
103 17738 549 20868 4023 639 684 729 4676.06 15.61
104 8405 13362 625 20834 896 941 986 10786.99 22.94
105 14275 22520 15219 14988 569 614 659 7590.93 19.11
106 12687 1908 8426 13619 1225 1270 1315 12462.09 24.95
107 4684 28344 19875 19007 577 622 667 17831.04 31.4
108 4114 21527 212 29735 1273 1318 1363 9088.28 20.91
109 19593 20433 19178 14441 1252 1297 1342 6006.35 17.21
110 13674 3827 23168 23196 1365 1410 1455 21570.68 35.88
111 4836 3611 2190 12736 598 643 688 9500.89 21.4
112 23232 24812 14192 11375 173 218 263 16194.89 29.43
113 3274 7552 10902 16767 810 855 900 11962.55 24.36
114 19039 19361 4010 9594 53 98 143 17923.87 31.51
115 9015 6227 16456 15733 1258 1303 1348 12071.97 24.49
116 1658 11568 3993 22195 37 82 127 10880.5 23.06
117 8376 25329 9259 20662 1334 1379 1424 4749.8 15.7
118 15977 2584 14788 4734 759 804 849 2456.87 12.95
119 4745 19243 3623 8827 81 126 171 10476.26 22.57
120 22854 22823 19793 6144 711 756 801 16957.56 30.35
121 255 11202 3445 22780 654 699 744 12009.42 24.41
122 2166 21070 4138 6873 1270 1315 1360 14333.3 27.2
123 7110 16921 17896 2679 1232 1277 1322 17865.4 31.44
124 10488 2731 20715 10969 563 608 653 13132.26 25.76
125 10405 4481 5113 27276 92 137 182 23401.22 38.08
126 3852 4183 11310 29672 1300 1345 1390 26557.69 41.87
127 3225 6562 471 25970 -6 39 84 19602.42 33.52
128 7376 19377 8220 24660 147 192 237 5349.99 16.42
129 20725 3291 101 18816 875 920 965 25814.24 40.98
130 19903 22030 7487 20510 732 777 822 12508.7 25.01
131 12235 11743 13256 24465 1352 1397 1442 12762.9 25.32
132 23880 2130 21670 21546 1237 1282 1327 19541.37 33.45
133 1758 10212 2130 7897 149 194 239 2344.7 12.81
134 2018 6299 21479 6820 1243 1288 1333 19467.97 33.36
135 12449 26320 7012 20444 766 811 856 8005.52 19.61
136 4811 28040 15991 26317 1384 1429 1474 11311.99 23.57
137 12070 12291 7332 25804 920 965 1010 14319.56 27.18
138 22219 2065 21907 16043 1268 1313 1358 13981.48 26.78
139 6288 15390 9832 24246 -30 15 60 9538.8 21.45
140 1703 24146 7678 8569 166 211 256 16683.63 30.02
141 23732 18623 20391 14 224 269 314 18906.54 32.69
142 6024 4876 22437 19069 1273 1318 1363 21698.57 36.04
143 13876 25387 305 21556 612 657 702 14101.37 26.92
144 17408 2725 1565 17748 34 79 124 21833.26 36.2
145 6680 11141 4169 3151 1326 1371 1416 8375.27 20.05
146 15722 8417 22384 4259 -25 20 65 7853.1 19.42
147 20895 1885 6100 7477 838 883 928 15816.53 28.98
148 3525 1118 6736 27510 652 697 742 26586.62 41.9
149 7930 16944 1285 22973 -23 22 67 8972.45 20.77
150 2635 7709 7053 9194 49 94 139 4660.9 15.59
151 7490 13786 23431 12307 55 100 145 16009.46 29.21
152 18625 23823 15061 27397 -43 2 47 5047.33 16.06
153 8767 5869 14461 21825 155 200 245 16941.53 30.33
154 21128 27981 13727 12640 1329 1374 1419 17032.94 30.44
155 5442 1977 2858 8166 214 259 304 6706.77 18.05
156 9355 16353 11467 5758 576 621 666 10803.45 22.96
157 18847 923 11760 15742 628 673 718 16426.45 29.71
158 23578 10575 7985 8459 55 100 145 15735.92 28.88
159 21946 9473 15651 2168 215 260 305 9643.13 21.57
160 21344 12961 13787 3493 1255 1300 1345 12114.09 24.54
161 12041 21234 11114 21118 -39 6 51 934.23 11.12
162 8973 21720 4652 7385 1322 1367 1412 14972.08 27.97
163 17898 5318 4238 286 898 943 988 14557.36 27.47
164 3979 17779 12363 17961 791 836 881 8385.98 20.06
165 16022 21096 3342 18278 171 216 261 12989.36 25.59
166 13640 13900 20555 4603 1232 1277 1322 11586.69 23.9
167 2178 21702 12935 22327 562 607 652 10775.14 22.93
168 11471 10135 15907 1906 42 87 132 9348.5 21.22
169 934 16129 3207 12879 944 989 1034 3965.98 14.76
170 6772 3193 14438 21396 905 950 995 19751.37 33.7
171 19203 6565 7576 23419 152 197 242 20475.46 34.57
172 16654 6268 2387 12879 795 840 885 15724.27 28.87
173 18043 12230 21707 17079 1349 1394 1439 6077.64 17.29
174 8702 17565 10027 24748 300 345 390 7304.18 18.77
175 22857 21685 251 23457 -22 23 68 22675.34 37.21
176 20895 19084 11737 787 1301 1346 1391 20460.92 34.55
177 16295 29243 1842 9438 156 201 246 24517.9 39.42
178 22753 15465 3441 10495 812 857 902 19941.27 33.93
179 10578 26725 22111 22504 312 357 402 12281.16 24.74
180 23221 4881 18075 28651 1392 1437 1482 24320.65 39.18
181 4465 1467 18704 310 1341 1386 1431 14285.93 27.14
182 22788 14268 15400 4195 1361 1406 1451 12491.91 24.99
183 9064 21483 12945 6645 845 890 935 15337.16 28.4
184 9140 17224 20739 287 1234 1279 1324 20528.0 34.63
185 20131 21348 16107 17990 -45 0 45 5241.06 16.29
186 15121 10495 274 28125 94 139 184 23048.87 37.66
187 20532 18589 3071 9707 127 172 217 19590.21 33.51
188 7480 29625 655 26937 214 259 304 7335.26 18.8
189 7225 16525 14869 7280 1251 1296 1341 11995.86 24.4
190 23074 20141 20555 25992 575 620 665 6370.21 17.64
191 9639 7395 17008 22582 96 141 186 16880.38 30.26
192 6123 26343 20270 27044 151 196 241 14164.36 27.0
193 18811 26654 19172 18305 870 915 960 8356.8 20.03
194 4292 18614 16956 21732 742 787 832 13042.19 25.65
195 5473 1279 11593 19636 618 663 708 19350.29 33.22
196 2328 8765 12547 24631 127 172 217 18872.15 32.65
197 3460 23203 4519 8829 905 950 995 14412.96 27.3
198 9131 17126 16585 1381 1363 1408 1453 17420.31 30.9
199 22838 28900 16939 14771 1266 1311 1356 15311.0 28.37
200 5681 21603 11888 482 125 170 215 22014.17 36.42
201 16732 6225 14120 3515 -11 34 79 3763.86 14.52
202 5433 9622 12475 1590 266 311 356 10681.89 22.82
203 5424 11543 8627 1180 29 74 119 10846.7 23.02
204 13193 1998 13894 9286 1253 1298 1343 7321.64 18.79
205 12550 22550 590 13776 1259 1304 1349 14833.23 27.8
206 1733 23237 7161 26456 -26 19 64 6310.72 17.57
207 7702 29380 4192 12082 1291 1336 1381 17650.52 31.18
208 3788 11931 5145 6698 195 240 285 5406.08 16.49
209 12801 23001 2695 24075 39 84 129 10162.91 22.2
210 8497 28492 2048 16194 -25 20 65 13886.34 26.66
211 22679 11347 14569 21294 205 250 295 12834.13 25.4
212 14943 5412 6152 2270 558 603 648 9335.62 21.2
213 15444 16294 13092 7742 731 776 821 8869.53 20.64
214 2068 19107 16438 26004 725 770 815 15939.43 29.13
215 11586 29836 17987 29223 1315 1360 1405 6430.29 17.72
216 8983 8603 19516 18090 206 251 296 14175.59 27.01
217 4691 20126 11402 24127 787 832 877 7813.16 19.38
218 7685 15897 12527 17607 147 192 237 5135.08 16.16
219 20365 25633 19488 17076 1334 1379 1424 8601.82 20.32
220 16228 3274 10451 10640 1331 1376 1421 9361.18 21.23
221 13520 2965 10295 29005 1317 1362 1407 26238.94 41.49
222 23389 4548 10710 10038 831 876 921 13816.55 26.58
223 386 13933 23143 5970 40 85 130 24109.97 38.93
224 3065 20974 21676 19475 275 320 365 18671.27 32.41
225 8749 12560 19210 16222 165 210 255 11083.45 23.3
226 14603 15354 7117 13275 1342 1387 1432 7769.33 19.32
227 20910 2268 19777 12051 100 145 190 9848.39 21.82
228 20060 18727 3860 29660 150 195 240 19544.07 33.45
229 12360 16178 9741 3791 799 844 889 12660.84 25.19
230 10221 20154 11142 12280 80 125 170 7927.68 19.51
231 2203 22957 424 6995 788 833 878 16060.83 29.27
232 2751 19356 11890 10986 201 246 291 12392.67 24.87
233 12806 11233 17423 25971 67 112 157 15444.27 28.53
234 16115 26797 23613 688 1215 1260 1305 27164.31 42.6
235 1360 14547 14213 17037 1237 1282 1327 13091.97 25.71
236 135 461 5615 26177 -30 15 60 26293.4 41.55
237 15463 149 19200 7110 605 650 695 7900.68 19.48
238 12560 4254 6298 6006 609 654 699 6502.47 17.8
239 11140 22264 21327 18450 128 173 218 10877.57 23.05
240 16589 12020 22966 5194 230 275 320 9341.33 21.21
241 17902 7400 15926 10084 1303 1348 1393 3332.93 14.0
242 7243 11741 15736 21787 669 714 759 13154.97 25.79
243 6396 2859 9465 21615 86 131 176 19005.43 32.81
244 10396 12867 21612 26008 1248 1293 1338 17276.71 30.73
245 10260 15755 16509 18869 691 736 781 6981.9 18.38
246 23913 11365 21457 13281 1264 1309 1354 3114.96 13.74
247 11638 16625 5973 12607 1312 1357 1402 6945.25 18.33
248 14471 23972 10352 26328 52 97 142 4745.2 15.69
249 20207 8452 21341 5368 59 104 149 3285.88 13.94
250 17400 13051 20716 20399 1381 1426 1471 8061.57 19.67
251 21530 23812 14728 13880 61 106 151 12037.93 24.45
252 12726 9227 18855 9454 1272 1317 1362 6133.2 17.36
253 14298 9197 21574 17726 933 978 1023 11210.89 23.45
254 1207 2158 19376 12686 248 293 338 20998.84 35.2
255 9490 7947 12694 25692 667 712 757 18031.93 31.64
256 22589 17961 17035 24674 867 912 957 8712.71 20.46
257 18543 15376 4148 20950 719 764 809 15436.5 28.52
258 22004 21451 6448 23523 701 746 791 15693.38 28.83
259 23624 26401 23404 2436 622 667 712 23966.01 38.76
260 18432 3713 19545 27697 206 251 296 24009.81 38.81
261 7208 7260 10582 24284 295 340 385 17355.13 30.83
262 10810 22578 9014 5986 1264 1309 1354 16688.92 30.03
263 20269 7317 1573 29801 1349 1394 1439 29241.59 45.09
264 12530 23514 14441 16602 33 78 123 7171.31 18.61
265 391 21655 21458 13870 845 890 935 22459.4 36.95
266 12543 27278 1138 14615 6 51 96 17041.88 30.45
267 748 20031 294 9718 46 91 136 10322.99 22.39
268 18238 9191 22298 987 -5 40 85 9153.64 20.98
269 22907 8095 16977 17700 1357 1402 1447 11288.09 23.55
270 18971 22652 21432 14241 870 915 960 8763.64 20.52
271 1409 22782 17685 13650 61 106 151 18662.84 32.4
272 9878 18991 17039 27732 1245 1290 1335 11299.78 23.56
273 12111 2865 6944 2203 818 863 908 5209.24 16.25
274 19754 23743 5897 7565 308 353 398 21301.27 35.56
275 8471 1031 18302 14286 1363 1408 1453 16502.84 29.8
276 14874 26386 7012 15521 92 137 182 13411.16 26.09
277 16952 6881 16327 18863 1319 1364 1409 11998.29 24.4
278 20360 5712 23217 26061 691 736 781 20548.58 34.66
279 9141 22722 12447 14770 1341 1386 1431 8611.85 20.33
280 10 7557 6133 8509 1273 1318 1363 6196.57 17.44
281 5103 28206 458 15433 29 74 119 13591.38 26.31
282 16435 13265 5329 11843 798 843 888 11196.67 23.44
283 13467 2521 17625 15707 167 212 257 13826.05 26.59
284 22319 5637 8770 20337 184 229 274 19991.63 33.99
285 2781 29569 18006 28290 1258 1303 1348 15278.63 28.33
286 4317 741 16669 29997 783 828 873 31756.66 48.11
287 23918 18606 9257 29252 1345 1390 1435 18118.56 31.74
288 23242 27830 6004 7304 134 179 224 26804.2 42.17
289 1044 21549 10170 26149 75 120 165 10219.78 22.26
290 7306 8081 4989 27241 852 897 942 19299.59 33.16
291 8054 23907 9413 3224 145 190 235 20727.6 34.87
292 19030 11376 7554 3413 817 862 907 13968.1 26.76
293 11941 10455 4095 3 1260 1305 1350 13069.2 25.68
294 15752 2494 13381 13999 669 714 759 11746.77 24.1
295 4063 26588 20947 14376 1314 1359 1404 20837.52 35.01
296 15659 28042 7746 26365 648 693 738 8088.75 19.71
297 11 4084 6103 14892 856 901 946 12406.66 24.89
298 15775 11887 23599 2104 1366 1411 1456 12526.85 25.03
299 10335 2713 21524 11601 218 263 308 14289.52 27.15
300 13246 17617 3663 14828 88 133 178 9980.6 21.98
301 23755 13414 5391 4029 182 227 272 20623.16 34.75
302 19243 26926 16377 7192 815 860 905 19941.03 33.93
303 9666 7933 10408 3956 1241 1286 1331 4045.63 14.85
304 12802 23718 22016 13953 -23 22 67 13425.83 26.11
305 20995 18007 3226 17904 783 828 873 17769.3 31.32
306 2617 29575 23087 3544 1244 1289 1334 33115.46 49.74
307 7383 328 10445 9097 808 853 898 9288.23 21.15
308 10268 20543 4096 7558 62 107 152 14377.2 27.25
309 17248 28582 18332 18998 154 199 244 9645.11 21.57
310 15525 11130 9179 8666 1360 1405 1450 6807.57 18.17
311 23277 8872 18717 10114 732 777 822 4726.12 15.67
312 7799 6246 22323 5453 1357 1402 1447 14545.63 27.45
313 18050 3088 18510 9811 236 281 326 6738.72 18.09
314 21601 28253 6313 18008 67 112 157 18403.34 32.08
315 15627 2958 6109 17523 617 662 707 17399.18 30.88
316 20823 21025 4938 2501 72 117 162 24402.29 39.28
317 17305 6584 4595 11154 1349 1394 1439 13506.63 26.21
318 14390 5567 943 6169 1314 1359 1404 13460.47 26.15
319 10824 10264 654 15052 54 99 144 11240.72 23.49
320 1880 21046 9008 6345 625 670 715 16337.92 29.61
321 10117 19180 10725 29107 1373 1418 1463 9945.6 21.93
322 18 6725 11665 11474 1270 1315 1360 12577.98 25.09
323 22743 2600 2688 7729 247 292 337 20700.48 34.84
324 6526 10226 11247 487 576 621 666 10822.94 22.99
325 17899 13075 9517 23644 189 234 279 13489.32 26.19
326 2297 24148 14067 19745 218 263 308 12566.59 25.08
327 6991 14738 13507 4988 1215 1260 1305 11726.92 24.07
328 19888 21536 19855 9931 1248 1293 1338 11605.05 23.93
329 4290 15705 18647 29356 259 304 349 19810.94 33.77
330 4379 21571 9210 12425 798 843 888 10343.49 22.41
331 5518 2720 3469 21582 705 750 795 18972.97 32.77
332 16357 1338 14760 3972 51 96 141 3080.32 13.7
333 718 8780 13602 23750 588 633 678 19750.91 33.7
334 13233 29788 21291 9426 1374 1419 1464 21898.46 36.28
335 8579 353 10374 2584 121 166 211 2863.46 13.44
336 15894 13473 16044 24340 707 752 797 10868.04 23.04
337 13269 6498 12319 20984 1255 1300 1345 14517.12 27.42
338 13836 27059 2059 12111 -37 8 53 19029.99 32.84
339 14140 29978 17304 11695 1358 1403 1448 18554.76 32.27
340 13466 28255 11013 3279 124 169 214 25096.17 40.12
341 6656 22866 19243 15885 314 359 404 14393.29 27.27
342 18427 27294 17179 19097 749 794 839 8291.46 19.95
343 18555 11814 14431 21893 81 126 171 10890.07 23.07
344 21652 13519 5204 14256 309 354 399 16464.5 29.76
345 7214 20816 13946 16251 1290 1335 1380 8133.82 19.76
346 16245 29434 7944 6649 868 913 958 24250.01 39.1
347 2170 2678 23173 10819 1326 1371 1416 22525.58 37.03
348 2504 14207 399 17488 591 636 681 3898.2 14.68
349 16771 19647 19940 11739 75 120 165 8519.33 20.22
350 17496 13894 14105 13470 1296 1341 1386 3417.41 14.1
351 15079 20262 8231 7503 76 121 166 14480.58 27.38
352 8325 26219 9323 4032 148 193 238 22209.43 36.65
353 44 24374 10653 20112 -19 26 71 11433.09 23.72
354 21692 27694 2056 2858 1317 1362 1407 31660.69 47.99
355 9883 29173 14302 15890 1334 1379 1424 13998.77 26.8
356 20916 28237 11248 13149 943 988 1033 17919.76 31.5
357 19340 12414 13205 23290 130 175 220 12487.02 24.98
358 6972 21045 10910 4725 -25 20 65 16788.4 30.15
359 17192 28867 3723 4754 39 84 129 27619.75 43.14
360 14130 13282 17836 7308 1280 1325 1370 7030.16 18.44
361 21209 5633 23608 29633 1259 1304 1349 24119.6 38.94
362 12362 18682 12507 3912 41 86 131 14770.71 27.72
363 10589 20868 2051 12300 1271 1316 1361 12095.79 24.51
364 5241 2441 21586 12337 1341 1386 1431 19107.32 32.93
365 22853 11177 8841 11560 46 91 136 14017.23 26.82
366 4631 25311 13214 18526 1269 1314 1359 10940.94 23.13
367 22124 5202 22867 4133 1273 1318 1363 1301.85 11.56
368 10084 26642 1286 2462 216 261 306 25730.86 40.88
369 4648 24770 17516 1506 235 280 325 26585.69 41.9
370 21410 7092 648 29951 878 923 968 30880.33 47.06
371 20522 28624 11124 22546 1362 1407 1452 11192.16 23.43
372 13300 17210 8746 1803 1301 1346 1391 16065.94 29.28
373 12783 27418 12387 26012 121 166 211 1460.7 11.75
374 1924 15566 11610 289 174 219 264 18088.82 31.71
375 6340 15078 15024 10804 1370 1415 1460 9678.79 21.61
376 2340 2031 9360 11177 133 178 223 11529.51 23.84
377 1354 18292 7140 9725 1254 1299 1344 10337.86 22.41
378 16183 21179 7996 28741 156 201 246 11144.99 23.37
379 22766 4554 7432 6045 1215 1260 1305 15406.32 28.49
380 11719 276 2568 8257 1289 1334 1379 12142.37 24.57
381 15269 11928 15503 27629 -45 0 45 15702.74 28.84
382 7931 10184 15670 26611 106 151 196 18158.7 31.79
383 4832 4391 15683 17546 1388 1433 1478 17052.81 30.46
384 10010 17022 22848 1998 806 851 896 19761.95 33.71
385 22748 4504 19632 22643 685 730 775 18404.69 32.09
386 13681 3122 10225 22631 273 318 363 19812.75 33.78
387 20278 4559 12180 24227 1363 1408 1453 21269.88 35.52
388 14890 6165 17368 15731 1359 1404 1449 9881.74 21.86
389 8158 22301 4811 77 258 303 348 22474.62 36.97
390 8849 17163 531 28980 81 126 171 14450.97 27.34
391 23704 26759 11154 11595 1241 1286 1331 19683.73 33.62
392 7945 29337 1960 3772 746 791 836 26256.23 41.51
393 23684 12369 9944 8049 953 998 1043 14403.12 27.28
394 2848 2076 8912 24071 174 219 264 22815.61 37.38
395 14180 10844 2110 25503 148 193 238 18988.71 32.79
396 8833 4436 7815 25282 823 868 913 20870.84 35.05
397 8108 478 11685 28297 817 862 907 28048.02 43.66
398 2466 16269 14405 15996 218 263 308 11942.12 24.33
399 22863 13436 16712 6723 1377 1422 1467 9104.9 20.93
400 23799 26245 12550 16805 942 987 1032 14685.15 27.62
401 9595 9968 11978 8108 843 888 933 3022.96 13.63
402 1940 9895 14866 5923 100 145 190 13522.51 26.23
403 6435 14566 9782 27340 1225 1270 1315 13205.21 25.85
404 17035 20430 5102 3950 870 915 960 20346.67 34.42
405 16597 24617 175 6139 778 823 868 24720.81 39.66
406 5956 1465 13348 3062 171 216 261 7562.54 19.08
407 20073 12536 23277 24652 1291 1336 1381 12532.48 25.04
408 16595 3017 9621 22777 1319 1364 1409 20954.58 35.15
409 2251 10205 1313 10345 203 248 293 948.39 11.14
410 4952 1277 21481 10055 175 220 265 18715.26 32.46
411 14768 11488 17275 9218 185 230 275 3382.0 14.06
412 12924 6960 1188 21268 1314 1359 1404 18505.47 32.21
413 14251 3423 1070 19793 861 906 951 21017.03 35.22
414 23466 27808 7285 11131 904 949 994 23236.76 37.88
415 6002 6035 4779 23727 -35 10 55 17734.22 31.28
416 6686 3555 19757 15095 -26 19 64 17436.25 30.92
417 14001 18874 3371 15201 1275 1320 1365 11246.68 23.5
418 17371 1019 16405 24287 760 805 850 23288.04 37.95
419 10329 23855 20001 28224 1266 1311 1356 10613.0 22.74
420 13436 15736 7155 2756 1233 1278 1323 14419.83 27.3
421 9883 21543 14438 12554 1271 1316 1361 10077.21 22.09
422 7214 25402 18387 9945 114 159 204 19072.36 32.89
423 7140 17638 12351 27250 278 323 368 10933.67 23.12
424 86 8382 18066 11569 104 149 194 18260.27 31.91
425 6616 2405 11182 9704 1366 1411 1456 8609.52 20.33
426 17940 23111 9465 511 805 850 895 24136.81 38.96
427 23631 18786 19202 19614 76 121 166 4505.73 15.41
428 11060 19324 1518 29711 168 213 258 14104.59 26.93
429 19215 14426 23701 333 20 65 110 14789.75 27.75
430 315 222 5900 29987 622 667 712 30284.44 46.34
431 5883 14033 4763 16937 225 270 315 3112.49 13.73
432 10279 23663 1625 20276 -17 28 73 9293.2 21.15
433 7639 24803 15078 5675 1326 1371 1416 20523.62 34.63
434 5088 7453 7281 3664 1229 1274 1319 4377.87 15.25
435 15233 10194 2254 21787 1343 1388 1433 17402.65 30.88
436 4177 3069 3713 13366 955 1000 1045 10307.45 22.37
437 15207 5782 7996 9817 951 996 1041 8263.16 19.92
438 20953 29097 19990 1752 1319 1364 1409 27361.95 42.83
439 9004 8912 8473 58 956 1001 1046 8869.91 20.64
440 15570 29425 18694 16734 1275 1320 1365 13069.85 25.68
441 11751 26271 6143 8095 189 234 279 19021.48 32.83
442 17165 846 14146 28591 83 128 173 27908.77 43.49
443 14390 18922 18274 9544 648 693 738 10150.48 22.18
444 9243 21087 1791 17216 290 335 380 8397.44 20.08
445 6976 2443 23727 29020 1315 1360 1405 31415.49 47.7
446 1711 8763 2093 2346 193 238 283 6428.36 17.71
447 11858 23352 3331 19784 89 134 179 9243.4 21.09
448 22839 5393 22669 25140 1335 1380 1425 19747.73 33.7
449 20377 19094 18325 24012 298 343 388 5328.92 16.39
450 19985 17056 20195 25474 729 774 819 8420.62 20.1
451 21777 16443 12484 27565 749 794 839 14493.4 27.39
452 13334 23049 7561 2729 119 164 209 21124.16 35.35
453 20648 18794 5658 7646 53 98 143 18680.95 32.42
454 16446 10336 4151 16425 198 243 288 13720.17 26.46
455 12485 26976 12645 9831 138 183 228 17145.75 30.57
456 4445 3668 21489 24908 20 65 110 27232.99 42.68
457 19017 8930 22681 25450 726 771 816 16921.44 30.31
458 18615 7640 11714 25244 1381 1426 1471 18908.32 32.69
459 5879 885 19622 27505 1377 1422 1467 29958.21 45.95
460 7086 21432 4096 13884 1385 1430 1475 8118.65 19.74
461 3477 17240 1992 21081 790 835 880 4118.07 14.94
462 14454 26213 14187 24420 202 247 292 1812.77 12.18
463 16509 5497 2866 14414 895 940 985 16298.6 29.56
464 16132 2169 14958 23457 1323 1368 1413 21320.35 35.58
465 16336 26395 5986 21231 1388 1433 1478 11566.74 23.88
466 8313 22694 15303 14968 776 821 866 10418.79 22.5
467 9297 22270 4002 23911 -21 24 69 5543.46 16.65
468 22511 1108 10685 29716 24 69 114 30955.97 47.15
469 7920 29600 10007 8338 707 752 797 21364.18 35.64
470 21360 21832 8413 13569 607 652 697 15359.1 28.43
471 6304 19490 10246 25879 140 185 230 7507.24 19.01
472 17715 22893 961 27898 945 990 1035 17485.61 30.98
473 19761 652 9839 3964 175 220 265 10460.18 22.55
474 488 27414 18662 6272 1219 1264 1309 27879.71 43.46
475 6442 3277 5861 18210 1364 1409 1454 14944.3 27.93
476 19105 13814 14572 88 884 929 974 14455.14 27.35
477 4698 21463 14307 598 1319 1364 1409 22971.31 37.57
478 22068 3292 14982 4334 796 841 886 7162.2 18.59
479 885 17819 13921 26827 871 916 961 15845.55 29.01
480 7988 17658 22608 469 1318 1363 1408 22565.6 37.08
481 9621 3422 8083 25720 1386 1431 1476 22350.98 36.82
482 17141 7830 2351 16096 817 862 907 16943.17 30.33
483 3207 28573 21992 15948 1307 1352 1397 22633.31 37.16
484 4599 25993 15001 21933 955 1000 1045 11166.25 23.4
485 22791 8695 17218 19153 1333 1378 1423 11850.24 24.22
486 23932 25370 1862 28739 296 341 386 22325.66 36.79
487 6991 26061 22517 6644 108 153 198 24861.15 39.83
488 5669 17160 3818 6718 284 329 374 10604.79 22.73
489 18765 11863 3314 8613 631 676 721 15789.11 28.95
490 8461 27905 2856 17920 1296 1341 1386 11450.6 23.74
491 2911 22146 15459 7067 854 899 944 19617.05 33.54
492 6246 4466 5803 22517 792 837 882 18056.44 31.67
493 22797 15062 22235 11897 -27 18 63 3214.51 13.86
494 19815 19270 18159 3681 1357 1402 1447 15676.71 28.81
495 18675 20625 20611 24668 1349 1394 1439 4482.63 15.38
496 20577 12206 1516 12756 1 46 91 19068.93 32.88
497 6237 18724 2392 8503 609 654 699 10920.3 23.1
498 11692 29656 6852 44 205 250 295 30004.94 46.01
499 21440 21245 7771 17354 751 796 841 14212.02 27.05
500 23144 23868 23953 11213 870 915 960 12680.83 25.22
501 12633 4783 9847 24251 470 515 560 19666.34 33.6
502 12674 22161 8102 18755 435 480 525 5701.23 16.84
503 17447 27101 6455 16170 446 491 536 15501.96 28.6
504 862 14572 14053 21478 1027 1072 1117 14889.44 27.87
505 7482 16851 7730 17271 497 542 587 487.75 10.59
506 14887 8226 14828 26548 507 552 597 18322.09 31.99
507 1746 8485 6591 9249 1168 1213 1258 4904.87 15.89
508 21615 5580 22540 11372 401 446 491 5865.4 17.04
509 10840 8648 6589 11130 1082 1127 1172 4922.53 15.91
510 11501 11336 10778 12665 1151 1196 1241 1512.93 11.82
511 12417 2603 4773 17673 1195 1240 1285 16897.8 30.28
512 5815 9518 648 5029 1112 1157 1202 6844.63 18.21
513 12361 26603 19373 6069 1177 1222 1267 21698.23 36.04
514 9128 9414 1300 6313 381 426 471 8419.84 20.1
515 4189 29879 9675 22371 1118 1163 1208 9298.72 21.16
516 21072 3205 4418 25117 533 578 623 27522.56 43.03
517 21112 11364 21891 15727 431 476 521 4432.0 15.32
518 9677 20243 2699 15882 1144 1189 1234 8228.66 19.87
519 10549 19743 14934 25445 1202 1247 1292 7193.12 18.63
520 23436 23071 5877 6988 465 510 555 23811.37 38.57
521 23123 6538 7483 14633 1176 1221 1266 17610.75 31.13
522 19194 5339 22033 13909 1146 1191 1236 9028.0 20.83
523 13586 26402 10032 9764 1018 1063 1108 17013.35 30.42
524 19899 11625 19973 7604 523 568 613 4021.68 14.83
525 4520 25846 2920 11629 401 446 491 14306.75 27.17
526 6142 8038 16612 21657 1025 1070 1115 17178.42 30.61
527 17772 24243 13033 21546 1085 1130 1175 5452.7 16.54
528 17401 131 2717 26496 1011 1056 1101 30178.35 46.21
529 10071 25400 3274 22735 1060 1105 1150 7300.78 18.76
530 16493 3491 9354 18609 1084 1129 1174 16718.83 30.06
531 10138 251 7415 7694 475 520 565 7925.46 19.51
532 2654 1807 7692 21215 407 452 497 20051.23 34.06
533 4061 28897 15494 19998 478 523 568 14488.12 27.39
534 10971 15409 3431 1326 484 529 574 15974.43 29.17
535 17339 4011 6989 17291 471 516 561 16836.89 30.2
536 2953 646 17689 260 1003 1048 1093 14741.05 27.69
537 4114 22383 6995 11473 1002 1047 1092 11283.98 23.54
538 21524 15639 17375 12583 1179 1224 1269 5152.99 16.18
539 298 23365 12942 19480 1136 1181 1226 13227.39 25.87
540 17954 23352 11033 7883 487 532 577 16946.69 30.34
541 9345 7683 5235 21534 1179 1224 1269 14447.92 27.34
542 22203 26749 22187 29373 440 485 530 2624.05 13.15
543 19861 27176 18366 1466 538 583 628 25753.43 40.9
544 11118 3487 19369 5269 321 366 411 8441.24 20.13
545 20805 27142 5562 19736 362 407 452 16946.91 30.34
546 17012 29215 20097 2959 359 404 449 26436.62 41.72
547 10239 3745 9895 13548 1109 1154 1199 9809.03 21.77
548 20266 22840 10968 8447 361 406 451 17135.09 30.56
549 15906 1058 23504 4004 506 551 596 8149.14 19.78
550 2321 237 2175 24719 521 566 611 24482.44 39.38
551 21737 27992 20236 24172 1052 1097 1142 4104.31 14.93
552 17206 21432 18668 4393 1151 1196 1241 17101.61 30.52
553 17501 22497 7166 21654 1103 1148 1193 10369.32 22.44
554 11024 21029 8853 28467 1030 1075 1120 7748.36 19.3
555 17741 2149 825 4941 469 514 559 17144.86 30.57
556 17732 17287 13171 4486 1049 1094 1139 13589.27 26.31
557 1482 2067 2569 3264 502 547 592 1616.9 11.94
558 15877 25550 5226 3475 988 1033 1078 24510.19 39.41
559 8091 26844 9907 10526 1050 1095 1140 16418.74 29.7
560 8688 20023 14975 27305 529 574 619 9620.49 21.54
561 5623 24221 23559 2145 1084 1129 1174 28443.8 44.13
562 6439 10596 8664 9396 1008 1053 1098 2527.97 13.03
563 4377 29427 1990 9505 1185 1230 1275 20064.49 34.08
564 7437 7174 761 6258 1013 1058 1103 6738.55 18.09
565 716 871 7143 4216 476 521 566 7245.37 18.69
566 9944 11472 11147 13080 1117 1162 1207 2008.2 12.41
567 18802 24371 14446 3949 321 366 411 20881.4 35.06
568 21824 4498 12751 2395 1002 1047 1092 9313.54 21.18
569 12196 27131 4987 28584 488 533 578 7353.97 18.82
570 21982 22008 18779 6386 450 495 540 15946.98 29.14
571 181 21862 7105 26661 347 392 437 8424.5 20.11
572 16574 27847 11325 18310 485 530 575 10886.06 23.06
573 7434 13323 17566 13786 1109 1154 1199 10142.57 22.17
574 948 7978 8514 3542 1043 1088 1133 8770.54 20.52
575 4859 3180 18821 2681 1016 1061 1106 13970.91 26.77
576 19716 3156 8067 9545 996 1041 1086 13286.03 25.94
577 1588 3381 20146 14917 454 499 544 21851.29 36.22
578 16887 19111 8313 1392 544 589 634 19684.42 33.62
579 11557 23090 2798 14234 986 1031 1076 12455.87 24.95
580 14354 20581 14099 9031 1020 1065 1110 11552.81 23.86
581 16169 5225 8703 20419 532 577 622 16929.23 30.32
582 1242 28813 5841 12225 1139 1184 1229 17213.73 30.66
583 2879 4196 11588 11002 450 495 540 11052.98 23.26
584 14409 8853 15080 14152 535 580 625 5341.31 16.41
585 11625 14593 20703 2765 506 551 596 14910.12 27.89
586 5691 28831 16840 21298 1063 1108 1153 13455.34 26.15
587 3730 685 17059 27205 1188 1233 1278 29681.18 45.62
588 12136 7726 7971 11038 1138 1183 1228 5321.33 16.39
589 15129 3440 308 1839 476 521 566 14907.22 27.89
590 260 5694 23561 28180 997 1042 1087 32381.43 48.86
591 17929 15316 19066 17114 480 525 570 2127.34 12.55
592 13214 6121 13427 20701 444 489 534 14581.56 27.5
593 16540 3816 18240 4157 423 468 513 1733.86 12.08
594 2310 8317 18948 23559 542 587 632 22564.17 37.08
595 1093 21710 7051 926 337 382 427 21621.11 35.95
596 6046 24796 4156 11430 513 558 603 13498.96 26.2
597 13650 12499 8369 14777 1100 1145 1190 5751.37 16.9
598 6633 9971 21057 10707 512 557 602 14442.77 27.33
599 16774 29540 2510 15241 1089 1134 1179 20197.11 34.24
600 1040 25974 6593 7698 413 458 503 19100.99 32.92
601 6997 11334 2337 202 368 413 458 12068.02 24.48
602 13265 13600 5723 6510 452 497 542 10351.32 22.42
603 23798 18897 2288 11483 554 599 644 22751.87 37.3
604 21289 19510 986 2918 995 1040 1085 26220.34 41.46
605 7361 26552 10688 12886 516 561 606 14065.15 26.88
606 22195 29807 1996 14514 430 475 520 25335.26 40.4
607 20512 29682 17117 17995 525 570 615 12170.13 24.6
608 13096 13918 19193 20076 420 465 510 8665.7 20.4
609 11503 15424 11773 15384 372 417 462 272.95 10.33
610 535 28609 4007 22757 475 520 565 6804.46 18.17
611 22134 20744 20241 20304 553 598 643 1943.46 12.33
612 16350 28395 8886 11486 394 439 484 18483.12 32.18
613 1841 16936 14767 24836 360 405 450 15148.98 28.18
614 4189 499 5758 24553 380 425 470 24105.12 38.93
615 11215 23737 13161 29881 975 1020 1065 6444.82 17.73
616 11602 27129 17493 7115 1209 1254 1299 20862.98 35.04
617 12350 13328 17227 400 1111 1156 1201 13817.32 26.58
618 1737 13277 12113 29462 421 466 511 19225.39 33.07
619 23482 6042 12236 16692 1099 1144 1189 15488.54 28.59
620 11184 20476 1302 11749 1061 1106 1151 13183.87 25.82
621 5843 25654 4582 4883 1066 1111 1156 20809.24 34.97
622 23721 4172 20415 11241 1053 1098 1143 7803.87 19.36
623 15706 21062 17786 15750 1019 1064 1109 5704.71 16.85
624 484 17529 18638 1138 431 476 521 24458.79 39.35
625 18983 29653 5678 25728 513 558 603 13871.87 26.65
626 2203 12228 3045 15964 1041 1086 1131 3829.71 14.6
627 22891 17459 22530 24960 519 564 609 7509.68 19.01
628 12195 21201 14097 16644 995 1040 1085 4938.0 15.93
629 5382 15394 23860 1609 539 584 629 23053.47 37.66
630 4704 15517 15836 21559 435 480 525 12665.99 25.2
631 10767 24371 18674 29971 544 589 634 9689.2 21.63
632 6879 15864 13723 9686 411 456 501 9219.98 21.06
633 1142 1538 12593 15069 338 383 428 17726.06 31.27
634 2661 11807 44 10191 372 417 462 3075.73 13.69
635 7494 29889 4067 3263 1201 1246 1291 26845.64 42.21
636 4729 79 20409 23764 1081 1126 1171 28404.96 44.09
637 16625 20216 2424 22779 1051 1096 1141 14430.43 27.32
638 5393 28574 4995 19724 495 540 585 8858.94 20.63
639 20144 9895 18572 4138 483 528 573 5967.77 17.16
640 14093 28705 22344 10766 486 531 576 19745.55 33.69
641 4330 12702 16765 23286 1057 1102 1147 16329.43 29.6
642 13323 23292 20335 23479 393 438 483 7014.49 18.42
643 8354 16026 1519 7415 427 472 517 10993.93 23.19
644 10582 10784 3784 10748 1086 1131 1176 6798.1 18.16
645 20265 2389 15282 14215 543 588 633 12832.95 25.4
646 22592 11170 2925 19798 460 505 550 21476.34 35.77
647 8485 14564 16456 27817 1027 1072 1117 15465.41 28.56
648 23889 28815 14448 5333 348 393 438 25308.83 40.37
649 11546 6049 22392 24360 1073 1118 1163 21282.12 35.54
650 21646 7031 8747 414 1167 1212 1257 14497.2 27.4
651 2560 28850 19761 10701 470 515 560 25005.21 40.01
652 3373 8720 13299 13054 983 1028 1073 10830.93 23.0
653 22931 24489 14136 15169 1090 1135 1180 12814.62 25.38
654 17385 11821 14934 23537 997 1042 1087 11969.63 24.36
655 149 23468 19237 19825 997 1042 1087 19432.53 33.32
656 23273 28020 4805 15318 422 467 512 22414.46 36.9
657 6204 10577 18743 16056 525 570 615 13683.78 26.42
658 412 12349 6038 27775 1002 1047 1092 16419.91 29.7
659 18709 13099 11315 3694 490 535 580 11963.5 24.36
660 9778 25729 19860 6735 1114 1159 1204 21503.92 35.8
661 21374 22669 4455 3471 438 483 528 25589.37 40.71
662 19055 10085 17516 17825 344 389 434 7891.52 19.47
663 3604 14671 20585 20997 1190 1235 1280 18121.06 31.75
664 17922 25869 21403 4571 1058 1103 1148 21580.6 35.9
665 1124 11452 1926 6206 1093 1138 1183 5306.95 16.37
666 20991 14023 23786 11306 1092 1137 1182 3897.96 14.68
667 14210 6742 1469 11976 1187 1232 1277 13774.17 26.53
668 20389 2653 6495 26640 1208 1253 1298 27720.38 43.26
669 4836 11782 21966 7554 1152 1197 1242 17644.06 31.17
670 15050 24251 8705 8436 327 372 417 17040.34 30.45
671 1153 11817 4522 29167 526 571 616 17674.07 31.21
672 7238 3208 10440 19061 1029 1074 1119 16173.14 29.41
673 14604 24285 10119 6951 1111 1156 1201 17904.83 31.49
674 12548 27245 9366 25706 430 475 520 3534.64 14.24
675 12518 9279 13612 15589 470 515 560 6404.13 17.68
676 2464 4159 3397 10965 473 518 563 6869.65 18.24
677 14004 6636 15690 7483 443 488 533 1886.8 12.26
678 1413 23854 13132 7974 419 464 509 19735.99 33.68
679 17195 12059 16634 25669 1208 1253 1298 13621.56 26.35
680 8018 27766 21332 20902 332 377 422 14979.22 27.98
681 10203 6735 6903 16539 521 566 611 10344.49 22.41
682 9246 3304 642 20034 428 473 518 18812.81 32.58
683 11293 5475 14994 8154 365 410 455 4568.86 15.48
684 13082 810 12753 20933 982 1027 1072 20125.69 34.15
685 7722 16399 20427 17758 1015 1060 1105 12777.48 25.33
686 18017 4142 4 2020 441 486 531 18137.56 31.77
687 13714 3826 2473 25373 550 595 640 24302.95 39.16
688 20029 24792 22508 5712 527 572 617 19240.37 33.09
689 21694 28112 16684 28326 1128 1173 1218 5014.57 16.02
690 11229 3652 22216 25426 1188 1233 1278 24388.96 39.27
691 16100 1096 12670 3064 376 421 466 3954.48 14.75
692 15688 13957 3606 23188 522 567 612 15204.8 28.25
693 13341 19470 113 27397 1005 1050 1095 15421.33 28.51
694 12163 17141 3083 6596 1078 1123 1168 13915.58 26.7
695 6112 13448 1222 8339 362 407 452 7072.06 18.49
696 22910 10875 15779 5754 1095 1140 1185 8779.28 20.54
697 19470 6861 2518 25064 1039 1084 1129 24874.07 39.85
698 9742 4563 5485 19797 486 531 576 15817.61 28.98
699 23462 24351 18926 22088 387 432 477 5069.17 16.08
700 11104 14074 11231 10850 1009 1054 1099 3226.5 13.87
701 4145 26845 8125 16777 1208 1253 1298 10826.13 22.99
702 16462 13394 16803 23544 1207 1252 1297 10155.73 22.19
703 18885 4613 21817 7959 408 453 498 4448.86 15.34
704 11129 24550 11464 27559 351 396 441 3027.59 13.63
705 5227 18308 23811 29471 1175 1220 1265 21678.97 36.01
706 15523 14476 21933 9987 316 361 406 7825.55 19.39
707 12024 26905 4956 26737 1041 1086 1131 7070.0 18.48
708 6700 25193 1903 4016 1189 1234 1279 21713.51 36.06
709 13451 22054 20229 21520 451 496 541 6799.0 18.16
710 5757 26378 20136 18594 1131 1176 1221 16350.73 29.62
711 8367 25214 22409 1573 463 508 553 27496.81 43.0
712 9041 8817 8686 11296 377 422 467 2504.29 13.01
713 4474 3583 17872 29432 454 499 544 29114.9 44.94
714 3903 14444 16051 19409 978 1023 1068 13123.46 25.75
715 22015 17720 21339 10667 1151 1196 1241 7085.32 18.5
716 7638 16871 3133 28729 1102 1147 1192 12684.92 25.22
717 2433 16971 23664 16721 448 493 538 21232.47 35.48
718 18242 2320 10174 15607 473 518 563 15544.68 28.65
719 17754 19821 3028 10026 490 535 580 17686.07 31.22
720 21426 19634 22606 20843 467 512 557 1689.4 12.03
721 9352 18933 796 9870 424 469 514 12463.67 24.96
722 6828 19550 21230 22891 1077 1122 1167 14784.45 27.74
723 9277 13986 6578 20937 1016 1061 1106 7456.61 18.95
724 21152 4890 15543 17119 1187 1232 1277 13453.97 26.14
725 12236 14116 1862 14115 1089 1134 1179 10374.0 22.45
726 12550 27380 968 19070 536 581 626 14254.78 27.11
727 19929 29563 22431 2077 319 364 409 27599.64 43.12
728 22687 1472 9987 25692 1043 1088 1133 27347.73 42.82
729 10978 18145 14833 2682 527 572 617 15936.29 29.12
730 8097 19745 1927 5552 410 455 500 15476.12 28.57
731 5099 5335 12687 27114 1070 1115 1160 23063.01 37.68
732 12314 23472 750 5828 1183 1228 1273 21095.9 35.32
733 2242 28387 12243 3373 550 595 640 26939.19 42.33
734 8568 6871 6888 14301 1060 1105 1150 7617.57 19.14
735 14197 10182 2774 26631 472 517 562 20026.35 34.03
736 9856 19088 14534 26742 1207 1252 1297 8970.36 20.76
737 8820 7929 23461 4221 506 551 596 15103.25 28.12
738 4465 8936 3117 17773 1044 1089 1134 8939.22 20.73
739 9028 11322 14876 12894 508 553 598 6055.6 17.27
740 17188 9266 4807 7118 454 499 544 12565.95 25.08
741 9004 11679 15593 10523 425 470 515 6689.64 18.03
742 18263 631 8771 7303 441 486 531 11602.31 23.92
743 12171 13779 2196 13225 405 450 495 9990.37 21.99
744 19012 21110 14701 25274 511 556 601 5993.63 17.19
745 7460 27436 6943 20574 492 537 582 6881.45 18.26
746 3211 6936 23028 11527 456 501 546 20341.85 34.41
747 11690 1057 16367 14582 486 531 576 14310.83 27.17
748 23505 4393 1558 3434 449 494 539 21967.94 36.36
749 2406 26258 10201 11156 410 455 500 16995.07 30.39
750 7586 17195 10741 23569 1048 1093 1138 7112.1 18.53
751 10006 12092 3835 7080 360 405 450 7949.93 19.54
752 21802 28690 13608 26858 317 362 407 8396.3 20.08
753 5310 16759 672 19140 387 432 477 5213.46 16.26
754 5959 14439 5702 20600 539 584 629 6166.36 17.4
755 9251 17885 2117 28758 1213 1258 1303 13004.46 25.61
756 13364 14206 6482 29291 1124 1169 1214 16580.69 29.9
757 18772 6118 13131 22392 332 377 422 17223.94 30.67
758 10255 22641 19091 20742 1158 1203 1248 9037.76 20.85
759 19298 20565 12411 20601 326 371 416 6887.09 18.26
760 22681 26387 16295 16898 1025 1070 1115 11437.75 23.73
761 7616 11126 5944 27051 1094 1139 1184 16012.53 29.22
762 1553 26270 12101 9654 474 519 564 19681.25 33.62
763 14132 3470 10046 21852 359 404 449 18830.65 32.6
764 17787 1742 17693 21725 1057 1102 1147 19983.22 33.98
765 15817 20307 6843 18964 400 445 490 9073.94 20.89
766 8749 12869 19070 2300 1046 1091 1136 14772.5 27.73
767 2313 29592 9954 572 1031 1076 1121 30009.09 46.01
768 4442 16269 22080 5673 323 368 413 20576.06 34.69
769 12104 15771 4332 22018 470 515 560 9971.41 21.97
770 11179 900 6815 22196 474 519 564 21738.54 36.09
771 12683 10999 9658 12543 414 459 504 3396.26 14.08
772 1331 10089 17455 29784 1018 1063 1108 25453.42 40.54
773 7661 13499 9912 16091 377 422 467 3433.0 14.12
774 194 27342 805 21457 1040 1085 1130 5916.63 17.1
775 9578 7617 1096 4025 383 428 473 9211.23 21.05
776 8110 15976 13876 7667 1180 1225 1270 10113.67 22.14
777 12535 12707 16316 4690 997 1042 1087 8863.87 20.64
778 13691 22120 7625 9336 369 414 459 14150.16 26.98
779 22427 822 10746 23218 1038 1083 1128 25259.19 40.31
780 6915 19294 15337 29387 539 584 629 13145.29 25.77
781 7335 21557 10470 9317 1092 1137 1182 12635.1 25.16
782 16049 29824 1766 3464 352 397 442 29980.89 45.98
783 11745 13494 16856 20092 1061 1106 1151 8346.01 20.02
784 18110 17620 23217 17255 350 395 440 5120.03 16.14
785 6335 8993 1671 20461 448 493 538 12380.14 24.86
786 23531 21483 1955 1543 1198 1243 1288 29379.03 45.25
787 18619 19402 15345 26215 377 422 467 7558.84 19.07
788 17504 12418 6713 23482 1193 1238 1283 15455.02 28.55
789 21291 22185 21863 9904 980 1025 1070 12294.31 24.75
790 8085 9981 5309 5022 1089 1134 1179 5683.12 16.82
791 9916 14171 23376 24165 540 585 630 16764.59 30.12
792 741 2358 7315 20731 329 374 419 19513.7 33.42
793 15838 9181 22117 13056 1205 1250 1295 7378.45 18.85
794 23032 18123 16599 26645 421 466 511 10677.45 22.81
795 14883 22087 19826 21480 476 521 566 4980.13 15.98
796 20784 7330 14326 24802 1042 1087 1132 18627.31 32.35
797 16123 24031 13950 11210 536 581 626 13003.84 25.6
798 20893 54 22940 27486 478 523 568 27508.27 43.01
799 17407 10035 17570 19047 1039 1084 1129 9013.47 20.82
800 4249 16918 7609 14787 472 517 562 3978.79 14.77
801 18538 28550 1214 16751 1106 1151 1196 20960.38 35.15
802 21745 7286 10612 24603 491 536 581 20586.94 34.7
803 21046 17509 5579 29706 1000 1045 1090 19697.59 33.64
804 117 9572 10834 27149 460 505 550 20586.53 34.7
805 22080 9239 10286 63 1197 1242 1287 14943.14 27.93
806 1310 20671 4880 18058 1184 1229 1274 4424.1 15.31
807 16576 7121 8531 23459 1149 1194 1239 18211.32 31.85
808 9466 20392 15014 16284 986 1031 1076 6903.33 18.28
809 1728 15767 10182 5326 366 411 456 13434.46 26.12
810 20959 16630 11941 10234 1017 1062 1107 11055.91 23.27
811 10004 70 4182 5780 1101 1146 1191 8154.74 19.79
812 21 28250 10681 4778 490 535 580 25779.26 40.94
813 16471 13086 18800 18558 1005 1050 1095 5947.02 17.14
814 16469 3753 14314 4229 532 577 622 2206.94 12.65
815 15692 5897 23616 17897 395 440 485 14380.19 27.26
816 17215 5132 21748 12620 396 441 486 8753.18 20.5
817 8616 15830 11911 3320 504 549 594 12936.66 25.52
818 15400 28244 8133 15643 1019 1064 1109 14546.29 27.46
819 17648 3496 20236 12959 335 380 425 9810.51 21.77
820 9633 19995 11003 17872 365 410 455 2526.66 13.03
821 5268 12398 19130 10175 981 1026 1071 14039.12 26.85
822 1621 15807 23304 20172 994 1039 1084 22118.0 36.54
823 3007 18699 22646 28705 471 516 561 22041.11 36.45
824 13603 18943 17765 9556 445 490 535 10268.3 22.32
825 22457 28993 13112 29228 1164 1209 1254 9347.95 21.22
826 16622 48 5427 23945 1197 1242 1287 26389.29 41.67
827 22648 7030 15839 13133 1190 1235 1280 9143.8 20.97
828 10561 16449 580 25889 410 455 500 13738.05 26.49
829 13472 29939 17046 12288 335 380 425 18009.2 31.61
830 193 13014 22800 25120 420 465 510 25644.33 40.77
831 5603 9883 9975 15107 1157 1202 1247 6812.09 18.17
832 17316 10585 18589 3215 339 384 429 7479.13 18.97
833 6951 27295 10384 4617 392 437 482 22936.37 37.52
834 16958 11400 17176 24184 550 595 640 12785.86 25.34
835 18834 29344 1790 26460 484 529 574 17286.28 30.74
836 838 21315 3676 13902 1000 1045 1090 7937.68 19.53
837 2988 27553 9582 15950 395 440 485 13345.8 26.01
838 7187 8097 10295 26397 427 472 517 18562.05 32.27
839 21876 19749 20842 26280 980 1025 1070 6612.35 17.93
840 7039 9703 7409 16512 464 509 554 6819.05 18.18
841 20173 5240 23245 15246 413 458 503 10466.96 22.56
842 2182 28586 5199 10361 1026 1071 1116 18473.03 32.17
843 6449 30 23748 19039 518 563 608 25702.09 40.84
844 755 815 17248 25203 415 460 505 29441.36 45.33
845 13617 21685 1046 20219 1040 1085 1130 12656.19 25.19
846 11023 758 10950 14175 1055 1100 1145 13417.2 26.1
847 7465 6897 5447 12741 1101 1146 1191 6182.61 17.42
848 3900 28594 16345 22633 1158 1203 1248 13798.97 26.56
849 17534 21577 8388 23235 1183 1228 1273 9295.07 21.15
850 8331 5038 2126 27408 422 467 512 23214.63 37.86
851 23507 23758 13703 6860 474 519 564 19536.14 33.44
852 17511 17586 17921 28772 1040 1085 1130 11193.51 23.43
853 9798 16493 10522 5395 1108 1153 1198 11121.59 23.35
854 8909 5008 17627 14137 326 371 416 12623.08 25.15
855 16122 27090 19455 4672 479 524 569 22664.41 37.2
856 15174 12533 17983 23989 977 1022 1067 11795.36 24.15
857 20102 15514 19003 18433 328 373 418 3119.03 13.74
858 8537 16034 14426 26397 1167 1212 1257 11919.4 24.3
859 1370 9033 5546 13630 486 531 576 6210.59 17.45
860 2609 23657 16793 23758 533 578 623 14184.36 27.02
861 15790 2269 3395 23626 324 369 414 24693.27 39.63
862 5279 26562 23257 26698 1020 1065 1110 17978.51 31.57
863 22226 26642 18230 24879 1147 1192 1237 4367.63 15.24
864 21330 19361 2906 9544 547 592 637 20876.24 35.05
865 14550 21656 4908 27249 543 588 633 11146.74 23.38
866 16305 8663 805 4407 428 473 518 16073.69 29.29
867 16896 610 23625 24275 503 548 593 24603.08 39.52
868 14165 13865 2843 28356 1154 1199 1244 18389.58 32.07
869 22249 9435 21130 12032 442 487 532 2827.82 13.39
870 20938 29579 9223 27485 1095 1140 1185 11900.67 24.28
871 1410 19861 20357 27598 1129 1174 1219 20465.82 34.56
872 23863 2499 7525 17813 1193 1238 1283 22393.05 36.87
873 6895 8244 6630 12650 1109 1154 1199 4413.96 15.3
874 19375 25112 7786 12353 405 450 495 17236.5 30.68
875 9239 16040 5804 6812 1015 1060 1105 9846.58 21.82
876 22729 3437 9860 8683 334 379 424 13897.18 26.68
877 1499 11937 3604 16949 389 434 479 5436.1 16.52
878 7529 1517 21122 26524 440 485 530 28462.6 44.16
879 21425 22559 10582 25771 988 1033 1078 11308.74 23.57
880 16651 7981 6148 22841 509 554 599 18197.05 31.84
881 23722 14983 7481 4697 1045 1090 1135 19224.25 33.07
882 11657 7262 18055 20535 335 380 425 14734.55 27.68
883 10873 9010 22765 22855 1090 1135 1180 18251.13 31.9
884 23365 27618 13495 18394 1105 1150 1195 13509.22 26.21
885 4235 8465 20170 18202 1084 1129 1174 18674.4 32.41
886 5155 26970 18367 1409 1040 1085 1130 28773.63 44.53
887 12466 9253 10704 25418 1016 1061 1106 16260.75 29.51
888 20523 26964 8713 7605 1069 1114 1159 22677.01 37.21
889 13823 21813 17990 17316 366 411 456 6130.82 17.36
890 15029 11748 17755 386 374 419 464 11684.44 24.02
891 22724 14366 3503 17963 1071 1116 1161 19554.67 33.47
892 3300 3885 20440 24891 336 381 426 27111.47 42.53
893 16271 23942 3095 27365 1088 1133 1178 13613.37 26.34
894 19095 12920 21613 8789 463 508 553 4837.92 15.81
895 19976 9910 6702 12855 1064 1109 1154 13596.77 26.32
896 2762 11193 18936 24030 442 487 532 20649.14 34.78
897 21520 24126 22526 12190 478 523 568 11978.32 24.37
898 12318 21627 9534 16411 360 405 450 5912.47 17.09
899 3003 10181 4637 10640 1065 1110 1155 1697.24 12.04
900 13022 16948 4386 22091 1196 1241 1286 10051.42 22.06
901 19028 6095 14599 25657 991 1036 1081 20057.12 34.07
902 219 25488 1338 22473 1169 1214 1259 3215.96 13.86
903 7726 2843 20954 12404 1059 1104 1149 16321.54 29.59
904 874 9248 4034 25687 541 586 631 16739.96 30.09
905 22268 10570 12719 6963 553 598 643 10207.54 22.25
906 16465 9994 10232 12383 1030 1075 1120 6675.15 18.01
907 8553 16360 2877 11524 1024 1069 1114 7456.8 18.95
908 4346 4828 20433 4328 1196 1241 1286 16094.77 29.31
909 21794 21525 8447 24298 1149 1194 1239 13632.02 26.36
910 767 8004 17938 16661 379 424 469 19229.84 33.08
911 14487 20163 9825 20600 1084 1129 1174 4682.44 15.62
912 16100 4914 8258 15071 412 457 502 12832.05 25.4
913 8264 13904 1553 17650 1020 1065 1110 7685.7 19.22
914 18637 6107 19457 21434 458 503 548 15348.92 28.42
915 8825 15367 21588 22931 991 1036 1081 14836.05 27.8
916 21278 29197 3891 14804 1196 1241 1286 22571.36 37.09
917 18846 6336 7879 15698 1090 1135 1180 14419.51 27.3
918 21369 18566 3105 3842 1045 1090 1135 23459.96 38.15
919 8201 650 15540 17514 1080 1125 1170 18391.72 32.07
920 477 8554 23735 11603 1090 1135 1180 23457.0 38.15
921 16977 22720 1827 1602 428 473 518 25990.24 41.19
922 19876 25827 16390 14371 1100 1145 1190 11974.65 24.37
923 11509 1916 7287 29648 386 431 476 28051.54 43.66
924 13763 29672 15017 20021 548 593 638 9732.13 21.68
925 4052 16371 4063 10955 544 589 634 5416.01 16.5
926 11905 694 8297 11051 1205 1250 1295 10967.46 23.16
927 3764 27731 97 6087 1145 1190 1235 21952.44 36.34
928 18703 2397 14085 6294 412 457 502 6042.56 17.25
929 4244 22818 16923 29025 1207 1252 1297 14116.79 26.94
930 894 19271 8317 21105 1107 1152 1197 7646.21 19.18
931 14596 2353 11053 28315 1145 1190 1235 26202.64 41.44
932 13987 23799 16910 24592 362 407 452 3028.66 13.63
933 1468 26880 8716 27322 1126 1171 1216 7261.46 18.71
934 2358 5564 21333 14986 1040 1085 1130 21185.48 35.42
935 16348 29994 14735 3672 1012 1057 1102 26371.38 41.65
936 4388 12560 19924 10517 1106 1151 1196 15669.75 28.8
937 16393 26718 270 27400 431 476 521 16137.42 29.36
938 7312 1095 23085 29465 1057 1102 1147 32459.89 48.95
939 7171 25845 18521 2740 513 558 603 25742.25 40.89
940 20518 6632 11505 24409 387 432 477 19931.28 33.92
941 7302 6137 23957 22150 375 420 465 23104.22 37.73
942 5605 12579 15229 3747 547 592 637 13062.37 25.67
943 19176 6003 21716 5260 391 436 481 2646.44 13.18
944 7755 8263 6299 25954 1133 1178 1223 17750.81 31.3
945 20547 9654 12122 17040 509 554 599 11204.18 23.45
946 23687 1749 16734 5972 471 516 561 8134.98 19.76
947 6728 25468 671 27431 387 432 477 6367.15 17.64
948 13225 26720 7149 14247 1098 1143 1188 13874.2 26.65
949 23611 14464 23032 22465 985 1030 1075 8021.92 19.63
950 7652 29425 14867 29399 1082 1127 1172 7215.05 18.66
951 2718 5140 21233 29881 479 524 569 30901.82 47.08
952 18265 668 934 18808 1037 1082 1127 25088.31 40.11
953 17192 27705 23605 17783 421 466 511 11814.09 24.18
954 21991 21595 5409 7645 549 594 639 21669.45 36.0
955 21798 6687 20004 25470 999 1044 1089 18868.48 32.64
956 15542 8326 18398 20866 1017 1062 1107 12861.12 25.43
957 18292 23273 10485 5234 429 474 519 19655.91 33.59
958 8645 8173 9849 23990 499 544 589 15862.76 29.04
959 3160 12664 11199 18795 316 361 406 10110.13 22.13
960 14394 5116 5868 8071 1042 1087 1132 9023.56 20.83
961 18394 25143 15267 23774 529 574 619 3413.55 14.1
962 6089 8170 16721 12301 1137 1182 1227 11406.34 23.69
963 18999 28769 16466 22100 1203 1248 1293 7133.84 18.56
964 5900 18185 21219 5097 1156 1201 1246 20148.64 34.18
965 4710 6437 7323 17833 1095 1140 1185 11691.73 24.03
966 9508 28089 6737 5225 1153 1198 1243 23031.3 37.64
967 2582 26860 17056 8888 984 1029 1074 23075.73 37.69
968 8789 5597 4119 25409 1151 1196 1241 20354.96 34.43
969 22791 15206 9455 10883 997 1042 1087 14019.17 26.82
970 13518 25708 11948 2780 1151 1196 1241 22981.69 37.58
971 21682 22010 6589 15884 363 408 453 16288.85 29.55
972 4667 6866 9577 21220 514 559 604 15170.54 28.2
973 7606 15467 10143 20266 989 1034 1079 5428.33 16.51
974 5751 18364 20208 81 455 500 545 23308.22 37.97
975 19916 4162 1645 4036 1046 1091 1136 18271.43 31.93
976 12224 19683 13591 11673 395 440 485 8125.81 19.75
977 9781 14602 7973 23902 354 399 444 9474.12 21.37
978 18050 7871 22110 5323 1076 1121 1166 4793.32 15.75
979 5318 11377 1516 5526 472 517 562 6977.78 18.37
980 15978 25008 14265 4840 544 589 634 20240.62 34.29
981 22705 13526 2315 24174 1155 1200 1245 23002.87 37.6
982 23110 21482 7856 21752 1008 1053 1098 15256.39 28.31
983 15211 16547 10811 3210 1184 1229 1274 14044.06 26.85
984 1353 2027 17585 7204 1083 1128 1173 17037.58 30.45
985 17001 29688 20162 25341 990 1035 1080 5374.79 16.45
986 4908 13685 18892 21749 1121 1166 1211 16142.5 29.37
987 18423 3210 16571 5043 333 378 423 2605.72 13.13
988 11776 2600 17806 19969 456 501 546 18385.95 32.06
989 10699 8630 5867 18862 1141 1186 1231 11315.57 23.58
990 15855 4957 11053 1736 980 1025 1070 5782.22 16.94
991 479 19237 11411 23743 503 548 593 11824.24 24.19
992 12499 21260 2733 28704 506 551 596 12279.57 24.74
993 4189 23488 7736 27739 1164 1209 1254 5536.44 16.64
994 5948 12223 16 19756 1156 1201 1246 9588.26 21.51
995 4951 7793 11350 5046 438 483 528 6963.71 18.36
996 22199 4868 9554 3714 389 434 479 12697.55 25.24
997 21201 25496 4951 1381 333 378 423 29079.13 44.89
998 16844 9865 9850 20415 441 486 531 12657.75 25.19
999 22375 6405 21237 28749 442 487 532 22372.96 36.85
1000 17783 21216 1061 23132 1001 1046 1091 16831.41 30.2
