100 5
12000 15000
1 21242 745 23647 7631 130 175 220 7293.9 18.75
2 14136 9068 21736 5709 883 928 973 8309.2 19.97
3 20193 543 419 28781 -36 9 54 34473.12 51.37
4 1043 11266 3573 22697 -7 38 83 11707.63 24.05
5 7749 17718 597 9007 1328 1373 1418 11270.88 23.53
6 4908 14159 14346 7063 158 203 248 11808.01 24.17
7 2742 17505 18777 14135 94 139 184 16385.3 29.66
8 12115 14535 21764 6294 -26 19 64 12689.26 25.23
9 6430 23716 1873 17532 1364 1409 1454 7681.67 19.22
10 18857 11911 21121 16558 1365 1410 1455 5169.17 16.2
11 10664 27978 17682 14684 299 344 389 15032.72 28.04
12 5253 23393 17559 7734 969 1014 1059 19915.87 33.9
13 489 17686 5213 15943 141 186 231 5035.3 16.04
14 16814 19161 12714 19526 -33 12 57 4116.21 14.94
15 15280 528 2438 15610 77 122 167 19808.68 33.77
16 7682 28468 8740 24060 105 150 195 4533.19 15.44
17 21491 5504 16715 1849 1311 1356 1401 6014.08 17.22
18 4151 9218 13033 2533 1353 1398 1443 11116.62 23.34
19 14308 14917 8519 23433 646 691 736 10297.32 22.36
20 19096 26237 13122 13182 909 954 999 14356.94 27.23
21 5114 6208 18563 27760 686 731 776 25404.02 40.48
22 17406 1711 9984 21916 561 606 651 21525.06 35.83
23 17153 14113 15186 19221 149 194 239 5473.64 16.57
24 7490 27619 22372 1649 1303 1348 1393 29931.84 45.92
25 16887 12051 4767 15202 1261 1306 1351 12522.91 25.03
26 9157 28002 3658 28905 834 879 924 5572.65 16.69
27 10159 29903 18431 10127 1389 1434 1479 21436.33 35.72
28 4827 1578 22000 9094 265 310 355 18745.72 32.49
29 16582 29009 7630 12185 1316 1361 1406 19057.42 32.87
30 17681 9681 21510 22644 -30 15 60 13516.68 26.22
31 20740 23216 14168 20247 587 632 677 7211.53 18.65
32 456 17335 20877 28220 914 959 1004 23140.88 37.77
33 15145 13023 4895 18695 909 954 999 11714.7 24.06
34 8488 4497 12900 23646 894 939 984 19650.7 33.58
35 21126 4860 19278 17622 1258 1303 1348 12895.11 25.47
36 9146 26025 848 20335 1344 1389 1434 10061.46 22.07
37 13156 6199 20555 11567 1298 1343 1388 9141.15 20.97
38 10502 28929 9408 18130 722 767 812 10854.27 23.03
39 4487 2760 3429 24813 1270 1315 1360 22078.36 36.49
40 20116 10211 19405 8978 844 889 934 1423.31 11.71
41 9526 21305 18336 12771 848 893 938 12265.61 24.72
42 5368 11598 10031 1482 839 884 929 11138.99 23.37
43 12015 25270 5265 9362 177 222 267 17280.83 30.74
44 17338 9977 20631 6308 54 99 144 4930.05 15.92
45 3214 26269 14282 24740 295 340 385 11173.11 23.41
46 13640 25519 22907 7873 839 884 929 19931.35 33.92
47 1704 1362 1600 17918 105 150 195 16556.33 29.87
48 12073 16678 6618 9926 1248 1293 1338 8680.24 20.42
49 20776 12380 17334 23652 747 792 837 11785.81 24.14
50 2776 9196 3081 1305 585 630 675 7896.89 19.48
51 868 9845 4966 14446 540 585 630 6161.4 17.39
52 23073 27654 16095 577 1132 1177 1222 27961.7 43.55
53 6366 4799 12472 19055 404 449 494 15508.6 28.61
54 10965 11010 7041 8541 1159 1204 1249 4636.13 15.56
55 9024 11095 12649 17752 520 565 610 7579.99 19.1
56 21707 17763 23436 4946 1074 1119 1164 12933.09 25.52
57 884 17494 42 5384 1083 1128 1173 12139.24 24.57
58 12157 24055 10795 25896 335 380 425 2290.05 12.75
59 1394 18963 13112 13180 1159 1204 1249 13067.31 25.68
60 2762 228 6964 29505 1043 1088 1133 29577.01 45.49
61 3137 16201 9289 8012 1201 1246 1291 10242.4 22.29
62 3526 3357 8695 28393 1085 1130 1175 25564.03 40.68
63 5520 26121 16723 27601 1166 1211 1256 11300.34 23.56
64 17209 7685 23028 14369 489 534 579 8862.09 20.63
65 12189 18357 18526 28874 1072 1117 1162 12278.63 24.73
66 9054 28300 2490 23058 1156 1201 1246 8400.28 20.08
67 8167 12615 17013 26519 1171 1216 1261 16479.47 29.78
68 21048 19760 919 8032 1100 1145 1190 23296.41 37.96
69 12990 16651 15593 29265 1004 1049 1094 12879.78 25.46
70 19881 5517 17572 20994 380 425 470 15648.29 28.78
71 7543 14938 17556 20494 470 515 560 11451.17 23.74
72 7574 10149 6053 9096 492 537 582 1849.93 12.22
73 20757 13675 554 8356 1020 1065 1110 20891.46 35.07
74 5133 3702 128 19734 376 421 466 16795.09 30.15
75 3944 3776 16115 27060 507 552 597 26273.14 41.53
76 19741 13659 2451 13401 1212 1257 1302 17291.92 30.75
77 2106 2425 14588 5550 434 479 524 12867.24 25.44
78 2645 3041 19630 11690 1084 1129 1174 19060.31 32.87
79 21459 25261 11640 29318 1162 1207 1252 10624.12 22.75
80 3720 4400 1198 2449 1165 1210 1255 3188.56 13.83
81 3839 5441 21318 17017 525 570 615 20964.71 35.16
82 8224 21820 22218 8045 444 489 534 19636.26 33.56
83 4920 26960 12144 15431 338 383 428 13605.29 26.33
84 15684 15181 329 7197 514 559 604 17306.65 30.77
85 20822 27525 23748 26081 433 478 523 3262.91 13.92
86 10552 16011 5808 25947 400 445 490 11010.43 23.21
87 15738 795 85 2206 470 515 560 15716.47 28.86
88 5338 10482 12674 28969 1117 1162 1207 19889.35 33.87
89 1258 22786 18557 27265 1062 1107 1152 17869.44 31.44
90 21016 13881 11290 27630 372 417 462 16841.32 30.21
91 9703 24751 11554 16182 391 436 481 8766.64 20.52
92 2865 7134 3546 24070 1141 1186 1231 16949.69 30.34
93 4549 9353 22216 11135 1187 1232 1277 17756.64 31.31
94 12137 29178 4211 3774 323 368 413 26611.74 41.93
95 6615 7495 1654 1745 335 380 425 7594.34 19.11
96 8279 11430 1533 21003 512 557 602 11711.14 24.05
97 5536 9838 17399 28368 465 510 555 22002.08 36.4
98 2575 11247 18842 27748 497 542 587 23171.07 37.81
99 22682 13894 8684 26986 1044 1089 1134 19166.23 33.0
100 15864 8205 10949 15892 1200 1245 1290 9123.99 20.95
