100 3
12000 15000
1 20352 15542 3234 19482 1352 1397 1442 17565.58 31.08
2 8940 15943 13558 13813 708 753 798 5085.55 16.1
3 399 21596 6835 13721 1386 1431 1476 10170.43 22.2
4 11201 10551 17486 5698 1319 1364 1409 7940.58 19.53
5 14425 22673 7510 16121 690 735 780 9526.07 21.43
6 144 13872 15028 2139 1324 1369 1414 18952.49 32.74
7 18808 1503 3830 13908 743 788 833 19447.99 33.34
8 15418 1368 3652 7305 591 636 681 13179.03 25.81
9 22743 20269 1690 18427 154 199 244 21133.43 35.36
10 740 29860 19324 6583 1339 1384 1429 29785.63 45.74
11 23094 6238 7029 4995 1371 1416 1461 16113.02 29.34
12 4566 25724 19878 2641 602 647 692 27699.86 43.24
13 12306 20974 6259 25777 -7 38 83 7722.37 19.27
14 17469 13236 22989 4059 825 870 915 10709.24 22.85
15 2111 12021 16766 15598 1220 1265 1310 15085.22 28.1
16 20761 29295 23252 17547 -23 22 67 12009.19 24.41
17 11991 22478 23292 22035 259 304 349 11309.68 23.57
18 1077 2369 3984 22597 870 915 960 20435.82 34.52
19 13808 22922 10196 8871 699 744 789 14507.83 27.41
20 6386 6189 3319 9109 574 619 664 4234.72 15.08
21 2967 15260 3318 12397 779 824 869 2884.44 13.46
22 18128 26966 22851 757 891 936 981 26631.15 41.96
23 15626 23592 19457 9810 1313 1358 1403 14304.55 27.17
24 23506 11597 8585 5746 1225 1270 1315 16027.18 29.23
25 16093 12728 22798 19400 1253 1298 1343 9459.0 21.35
26 20427 29151 21633 5729 16 61 106 23453.03 38.14
27 12128 21059 23059 12566 9 54 99 13842.61 26.61
28 23043 6611 22952 19754 1334 1379 1424 13143.32 25.77
29 20074 9215 4866 13519 578 623 668 15805.31 28.97
30 9757 21071 9768 21907 1389 1434 1479 836.07 11.0
31 18118 29996 23654 6121 1254 1299 1344 24508.43 39.41
32 21189 15567 5298 22678 887 932 977 17409.49 30.89
33 9233 12680 17359 12394 -16 29 74 8131.03 19.76
34 11193 10665 3562 4189 669 714 759 10008.53 22.01
35 23081 12058 4223 28387 88 133 178 24945.15 39.93
36 7695 6556 17203 13772 187 232 277 11936.19 24.32
37 8658 21050 15428 9143 -8 37 82 13697.06 26.44
38 23609 5499 5295 14537 844 889 934 20422.73 34.51
39 13459 21391 22415 13044 -10 35 80 12242.64 24.69
40 9181 3276 5577 28832 1251 1296 1341 25808.87 40.97
41 1852 23328 18389 16103 866 911 956 18046.41 31.66
42 8356 15926 23868 16880 163 208 253 15541.31 28.65
43 22509 18509 1293 27373 1359 1404 1449 22993.24 37.59
44 18281 17438 3401 21627 620 665 710 15458.4 28.55
45 7226 3280 371 16875 1316 1361 1406 15225.47 28.27
46 16156 22203 18510 8266 569 614 659 14134.4 26.96
47 22356 19345 2769 14881 660 705 750 20089.25 34.11
48 22200 6965 7260 11227 945 990 1035 15536.03 28.64
49 15313 20024 9230 17222 148 193 238 6697.32 18.04
50 6199 638 14583 12198 651 696 741 14280.23 27.14
51 18377 12814 1521 4133 1073 1118 1163 18960.08 32.75
52 4665 16611 20149 16870 1058 1103 1148 15486.17 28.58
53 9452 7985 16802 13449 1115 1160 1205 9158.48 20.99
54 4336 10309 4606 22045 361 406 451 11739.11 24.09
55 14508 17148 17502 28996 1087 1132 1177 12220.44 24.66
56 5230 5795 216 12330 420 465 510 8236.89 19.88
57 23157 4542 7981 23330 977 1022 1067 24151.6 38.98
58 3790 28409 13044 3058 1003 1048 1093 26987.21 42.38
59 7101 22224 23218 22638 471 516 561 16122.32 29.35
60 13218 12751 17376 21516 1020 1065 1110 9701.25 21.64
61 22769 11716 21223 16356 349 394 439 4890.78 15.87
62 18975 2404 23 26585 547 592 637 30722.94 46.87
63 5276 9619 15567 3523 1137 1182 1227 11961.02 24.35
64 11947 8132 9827 11296 994 1039 1084 3808.58 14.57
65 17393 5840 20141 549 493 538 583 5962.06 17.15
66 17243 19388 20662 12863 1045 1090 1135 7366.49 18.84
67 21254 17339 19762 16363 460 505 550 1782.87 12.14
68 17913 12407 21140 9984 334 379 424 4035.4 14.84
69 10854 287 2318 2153 1047 1092 1137 8737.58 20.49
70 16861 13278 16184 25270 508 553 598 12011.09 24.41
71 18099 26867 8534 26459 324 369 414 9573.7 21.49
72 1704 28880 2259 9962 353 398 443 18926.14 32.71
73 369 22236 23659 22698 1006 1051 1096 23294.58 37.95
74 15750 8999 20092 14920 1007 1052 1097 7342.43 18.81
75 13684 2319 6403 16015 501 546 591 15511.07 28.61
76 20074 28522 23079 20225 1143 1188 1233 8824.41 20.59
77 19249 18952 22940 3090 1020 1065 1110 16285.78 29.54
78 1368 2756 8949 451 1038 1083 1128 7923.67 19.51
79 11919 912 5193 15618 1074 1119 1164 16171.13 29.41
80 13432 17263 3959 13871 1035 1080 1125 10061.98 22.07
81 23441 14044 6504 13300 330 375 420 16953.33 30.34
82 22755 597 21241 19978 1030 1075 1120 19440.05 33.33
83 14339 11537 1543 26458 478 523 568 19656.39 33.59
84 19031 22903 8083 26751 1094 1139 1184 11604.56 23.93
85 8403 4333 23701 18771 999 1044 1089 21035.32 35.24
86 12967 28436 13584 18668 1024 1069 1114 9787.47 21.74
87 6566 8449 6006 15218 551 596 641 6792.12 18.15
88 16748 21158 2449 19840 1167 1212 1257 14359.61 27.23
89 8312 21524 9493 16919 320 365 410 4754.03 15.7
90 6852 7090 17086 5134 1084 1129 1174 10419.25 22.5
91 23469 9669 7118 7343 1126 1171 1216 16515.61 29.82
92 21674 10336 16569 12573 1111 1156 1201 5573.62 16.69
93 16256 9730 7630 29960 411 456 501 21992.29 36.39
94 21017 29300 1410 3834 327 372 417 32139.56 48.57
95 13806 14101 17735 23239 1046 1091 1136 9946.86 21.94
96 7584 17642 7227 27399 385 430 475 9763.53 21.72
97 5000 6735 21508 5129 452 497 542 16585.94 29.9
98 17917 11189 8885 19174 330 375 420 12055.59 24.47
99 8128 14760 12643 16263 545 590 635 4758.6 15.71
100 18202 25795 18114 23842 499 544 589 1954.98 12.35
