100 4
12000 15000
1 6018 25699 11828 27328 172 217 262 6034.05 17.24
2 19007 20975 7908 7501 -20 25 70 17456.7 30.95
3 10100 29026 18565 12879 189 234 279 18231.34 31.88
4 11315 14079 2181 8110 635 680 725 10911.41 23.09
5 20609 17084 14849 21998 600 645 690 7571.33 19.09
6 7674 4214 14580 27260 751 796 841 24058.49 38.87
7 14011 25530 23310 10181 123 168 213 17946.12 31.54
8 6893 21108 13790 25227 51 96 141 8033.35 19.64
9 18707 576 7978 1652 896 941 986 10782.82 22.94
10 11949 17772 7835 12056 293 338 383 7042.56 18.45
11 6748 13169 9489 22730 1263 1308 1353 9946.15 21.94
12 19199 28595 9744 23962 907 952 997 10529.09 22.63
13 11894 4186 12942 1784 710 755 800 2620.67 13.14
14 21209 295 17686 15804 717 762 807 15904.11 29.08
15 2816 12894 7754 12372 934 979 1024 4965.51 15.96
16 6538 25138 6827 10205 303 348 393 14935.8 27.92
17 12175 15100 12726 20586 1375 1420 1465 5513.6 16.62
18 8860 3975 20139 28932 133 178 223 27387.36 42.86
19 21016 150 5859 4854 -38 7 52 15870.17 29.04
20 2599 19709 1557 23135 1305 1350 1395 3580.96 14.3
21 16710 24786 23353 12975 91 136 181 13550.98 26.26
22 5123 5221 14307 19790 935 980 1025 17222.13 30.67
23 4308 17077 7618 10108 302 347 392 7715.12 19.26
24 11856 153 636 6588 296 341 386 12934.36 25.52
25 11246 21735 11097 10549 286 331 376 11186.99 23.42
26 980 3987 7908 28070 1361 1406 1451 25059.69 40.07
27 3581 7008 13685 5946 1312 1357 1402 10159.66 22.19
28 234 17801 23194 22316 1385 1430 1475 23399.72 38.08
29 13429 6969 6026 23983 1373 1418 1463 18554.8 32.27
30 14575 3976 1458 497 1344 1389 1434 13570.52 26.28
31 14699 10863 20042 2860 82 127 172 9622.66 21.55
32 12342 15036 21279 1503 189 234 279 16217.65 29.46
33 6868 27316 20629 8847 1380 1425 1470 23031.91 37.64
34 18303 5337 12819 14898 289 334 379 11022.11 23.23
35 4488 14989 11397 8682 1243 1288 1333 9354.81 21.23
36 15899 8298 6209 7305 761 806 851 9740.75 21.69
37 10735 13429 10398 11002 132 177 222 2450.29 12.94
38 21472 4406 3578 1056 1346 1391 1436 18204.88 31.85
39 11142 22249 16912 6349 578 623 668 16914.58 30.3
40 15793 9811 8224 19447 34 79 124 12253.25 24.7
41 13758 14506 17583 25937 1247 1292 1337 12053.98 24.46
42 22083 22367 17930 18515 915 960 1005 5664.39 16.8
43 351 25026 21542 1106 795 840 885 31956.61 48.35
44 3959 18502 4888 11258 944 989 1034 7303.33 18.76
45 22764 15903 23785 6237 1335 1380 1425 9719.77 21.66
46 9239 17264 14145 16332 128 173 218 4993.74 15.99
47 19835 23965 6248 13628 918 963 1008 17072.2 30.49
48 14599 25465 21022 3593 1230 1275 1320 22795.6 37.35
49 3186 22929 8301 8382 676 721 766 15420.07 28.5
50 18461 23438 22273 26646 5 50 95 4982.23 15.98
51 7343 13418 18699 5201 1085 1130 1175 14017.05 26.82
52 11539 11448 22976 24911 976 1021 1066 17665.14 31.2
53 13400 15795 11352 29075 997 1042 1087 13436.99 26.12
54 10633 24444 9301 22461 1175 1220 1265 2388.83 12.87
55 3740 5358 23501 917 1201 1246 1291 20253.88 34.3
56 2632 21484 9729 9230 504 549 594 14160.79 26.99
57 17715 19161 4096 18935 398 443 488 13620.88 26.35
58 15751 11351 12715 9056 1136 1181 1226 3805.83 14.57
59 5506 7945 4272 29057 1114 1159 1204 21148.03 35.38
60 5109 19299 9505 20029 502 547 592 4456.2 15.35
61 627 4679 6172 28735 1048 1093 1138 24686.8 39.62
62 7876 16367 9394 10838 1124 1169 1214 5733.6 16.88
63 7538 6768 21858 15822 1144 1189 1234 16942.18 30.33
64 4704 28558 23612 7175 364 409 454 28543.74 44.25
65 23457 8939 16835 22708 363 408 453 15278.62 28.33
66 5562 15917 14877 23233 369 414 459 11844.54 24.21
67 16429 21636 16696 26696 330 375 420 5067.04 16.08
68 16844 28240 18911 8950 1135 1180 1225 19400.43 33.28
69 15333 853 611 1534 1151 1196 1241 14737.74 27.69
70 20590 8950 7512 5505 384 429 474 13524.13 26.23
71 16916 3851 17397 27214 1158 1203 1248 23367.95 38.04
72 5196 17135 10149 20212 368 413 458 5830.96 17.0
73 11239 2820 19703 14869 468 513 558 14724.73 27.67
74 1551 20022 4959 9020 405 450 495 11517.75 23.82
75 18779 25521 19490 24510 429 474 519 1235.98 11.48
76 8376 13587 22922 12159 348 393 438 14615.93 27.54
77 8787 21458 21 65 1045 1090 1135 23119.33 37.74
78 5398 4372 19872 18804 350 395 440 20439.65 34.53
79 18548 7058 20215 6390 505 550 595 1795.86 12.16
80 16269 7055 2393 24985 1209 1254 1299 22672.19 37.21
81 1793 6378 19473 12953 1004 1049 1094 18863.01 32.64
82 20294 24512 6154 17869 328 373 418 15622.71 28.75
83 18141 5318 7024 10118 1080 1125 1170 12108.99 24.53
84 17827 26892 11179 6613 420 465 510 21340.89 35.61
85 12921 4257 5684 15636 1100 1145 1190 13485.39 26.18
86 8758 14166 3715 2201 509 554 599 12984.34 25.58
87 14413 20052 320 25391 1135 1180 1225 15070.42 28.08
88 5530 28273 12052 5876 1099 1144 1189 23327.28 37.99
89 17807 25497 14326 2508 1198 1243 1288 23251.05 37.9
90 821 382 23211 8123 531 576 621 23690.4 38.43
91 12513 5025 21418 8900 457 502 547 9711.57 21.65
92 15877 14788 14124 20608 1096 1141 1186 6078.27 17.29
93 10169 11552 340 1301 386 431 476 14201.84 27.04
94 2827 19855 8120 11121 1184 1229 1274 10212.67 22.26
95 7625 12476 17959 10944 449 494 539 10446.94 22.54
96 11346 28244 4869 10024 1056 1101 1146 19337.01 33.2
97 21013 10637 8584 7092 473 518 563 12924.67 25.51
98 11374 29446 9013 17823 376 421 466 11860.37 24.23
99 19643 10086 12702 14225 494 539 584 8081.39 19.7
100 9523 14848 4296 14759 403 448 493 5227.76 16.27
