500 10
12000 15000
1 8688 18871 6263 28377 1281 1326 1371 9810.44 21.77
2 10657 18721 13105 2421 14 59 104 16482.8 29.78
3 18920 19504 10204 23177 1261 1306 1351 9458.31 21.35
4 18600 28991 21722 15651 1250 1295 1340 13700.46 26.44
5 20185 19312 4650 18816 671 716 761 15542.92 28.65
6 2956 27292 20716 13861 1219 1264 1309 22266.78 36.72
7 18269 18084 485 16225 204 249 294 17880.9 31.46
8 2571 17263 11504 8587 1251 1296 1341 12452.77 24.94
9 10343 14656 14759 20077 1324 1369 1414 6992.02 18.39
10 3449 25087 180 11909 753 798 843 13577.41 26.29
11 9307 26923 6660 19699 1369 1414 1459 7693.68 19.23
12 21983 7546 2327 3640 728 773 818 20040.34 34.05
13 18989 5696 13330 21139 1232 1277 1322 16447.2 29.74
14 3026 13884 23357 3396 101 146 191 22876.79 37.45
15 9113 24001 6156 25147 -27 18 63 3171.3 13.81
16 22615 18092 15746 28066 -13 32 77 12110.48 24.53
17 11978 3579 7208 19683 1253 1298 1343 16795.59 30.15
18 9901 12617 18586 22884 63 108 153 13447.7 26.14
19 20417 10942 12552 2812 1258 1303 1348 11311.73 23.57
20 4864 23047 16893 29074 1277 1322 1367 13454.43 26.15
21 10170 7584 23376 13957 1347 1392 1437 14663.34 27.6
22 14338 5049 21188 25278 99 144 189 21357.32 35.63
23 22710 24201 2713 10183 578 623 668 24420.98 39.31
24 3295 13008 8435 12104 1302 1347 1392 5218.89 16.26
25 22938 15596 3531 23322 1315 1360 1405 20888.34 35.07
26 10842 22716 4318 3993 227 272 317 19827.09 33.79
27 9322 22086 4028 12860 710 755 800 10636.99 22.76
28 47 14936 8529 27355 113 158 203 15039.15 28.05
29 23158 5979 6599 28928 603 648 693 28299.42 43.96
30 8600 15438 1601 25378 887 932 977 12156.87 24.59
31 13047 15347 6562 7320 1284 1329 1374 10319.3 22.38
32 13684 26640 20772 2747 264 309 354 24922.18 39.91
33 20404 22503 20834 6346 1342 1387 1432 16162.72 29.4
34 6319 29517 13684 4489 825 870 915 26089.16 41.31
35 21860 10907 15089 26449 -43 2 47 16952.88 30.34
36 6771 27659 889 18123 1345 1390 1435 11204.16 23.44
37 13351 14143 23654 8642 283 328 373 11679.59 24.02
38 19265 12431 23130 12636 1322 1367 1412 3870.43 14.64
39 19208 23475 6882 7391 783 828 873 20263.89 34.32
40 16215 18507 20434 11221 667 712 757 8419.37 20.1
41 7594 19085 7257 20521 1356 1401 1446 1475.01 11.77
42 3516 23519 18437 25031 -17 28 73 14997.41 28.0
43 16344 2675 16198 25618 905 950 995 22943.46 37.53
44 17968 26772 2819 11793 741 786 831 21304.05 35.56
45 19453 25819 4473 16552 1271 1316 1361 17614.7 31.14
46 6462 15326 302 19238 1283 1328 1373 7297.21 18.76
47 9108 6036 734 16781 1260 1305 1350 13622.73 26.35
48 20566 26566 6316 2533 713 758 803 27940.07 43.53
49 12837 425 21714 289 1221 1266 1311 8878.04 20.65
50 12215 23417 7079 2967 1254 1299 1344 21085.09 35.3
51 7808 23273 14969 4362 628 673 718 20221.42 34.27
52 22319 3748 4327 2273 790 835 880 18052.36 31.66
53 10806 17855 17406 16419 1343 1388 1433 6754.41 18.11
54 524 89 17121 21745 611 656 701 27284.48 42.74
55 4933 25301 14335 22843 1325 1370 1415 9717.99 21.66
56 5123 11854 13955 29721 97 142 187 19930.73 33.92
57 8317 10344 255 17344 212 257 302 10676.88 22.81
58 156 20040 1492 21547 933 978 1023 2013.94 12.42
59 17957 12607 12480 24777 813 858 903 13345.65 26.01
60 11502 14900 20811 24394 244 289 334 13296.37 25.96
61 12443 2261 11106 25366 1244 1289 1334 23143.65 37.77
62 5508 6742 406 7698 1375 1420 1465 5190.79 16.23
63 362 10140 2837 25849 809 854 899 15902.78 29.08
64 14418 13743 16102 5115 279 324 369 8790.8 20.55
65 1789 16111 6400 10597 969 1014 1059 7187.87 18.63
66 9551 21295 343 26359 772 817 862 10508.63 22.61
67 12019 26016 6131 22172 1269 1314 1359 7031.71 18.44
68 19715 28468 16857 21125 22 67 112 7879.58 19.46
69 9998 5459 4270 8861 732 777 822 6662.1 17.99
70 4914 29481 777 15218 914 959 1004 14850.86 27.82
71 3793 14693 9143 8265 1389 1434 1479 8363.11 20.04
72 12086 18992 17509 23021 673 718 763 6755.87 18.11
73 935 20094 22681 25537 658 703 748 22416.84 36.9
74 7108 22905 5816 23475 196 241 286 1412.15 11.69
75 7487 13173 12746 10118 690 735 780 6081.95 17.3
76 14200 14455 13493 13156 1390 1435 1480 1478.94 11.77
77 1286 20072 10647 12303 183 228 273 12164.94 24.6
78 1007 29661 8801 17551 173 218 263 14401.34 27.28
79 11754 29904 7541 701 1330 1375 1420 29505.33 45.41
80 989 2012 6667 17970 -17 28 73 16938.05 30.33
81 22008 26701 21487 9712 876 921 966 16996.99 30.4
82 20040 23349 13894 9967 909 954 999 14725.87 27.67
83 6876 7561 20407 2208 756 801 846 14551.38 27.46
84 10637 22402 20106 12722 188 233 278 13541.21 26.25
85 19777 21517 19193 24547 1290 1335 1380 3085.77 13.7
86 16596 9309 17909 26853 939 984 1029 17593.06 31.11
87 3689 144 22024 7511 261 306 351 19759.68 33.71
88 20204 3885 20691 18148 751 796 841 14271.31 27.13
89 20787 6392 20099 6001 1345 1390 1435 791.34 10.95
90 20757 20183 13081 14221 1375 1420 1465 9719.38 21.66
91 2636 17696 21207 12120 270 315 360 19390.04 33.27
92 6174 4283 9457 27250 830 875 920 23200.46 37.84
93 11809 11395 12584 28403 1326 1371 1416 17025.65 30.43
94 6112 367 15419 2615 257 302 347 9574.64 21.49
95 7318 20101 5932 13985 740 785 830 6271.08 17.53
96 19898 5345 6062 6026 199 244 289 13852.75 26.62
97 22823 11549 21393 15126 192 237 282 3852.25 14.62
98 20332 19853 13399 5833 196 241 286 15640.55 28.77
99 8383 20670 10347 12675 1351 1396 1441 8232.7 19.88
100 14384 9943 8024 13396 885 930 975 7236.91 18.68
101 17746 23729 20831 26546 797 842 887 4177.64 15.01
102 7906 12596 1790 9628 259 304 349 6798.12 18.16
103 1624 20225 17042 339 1324 1369 1414 25162.82 40.2
104 2224 24041 20815 25069 173 218 263 18619.4 32.34
105 21373 6305 627 14207 1326 1371 1416 22199.96 36.64
106 13315 25204 11868 1265 1265 1310 1355 23982.69 38.78
107 16704 28932 12886 11322 867 912 957 18019.13 31.62
108 8955 10801 8477 29876 5 50 95 19080.99 32.9
109 9027 21672 7074 27849 289 334 379 6478.39 17.77
110 21085 18852 23401 10127 1325 1370 1415 9027.15 20.83
111 19106 16946 5045 7765 1340 1385 1430 16792.93 30.15
112 1379 11446 23783 19226 206 251 296 23716.4 38.46
113 11802 16589 10425 25204 1324 1369 1414 8724.35 20.47
114 14584 29243 19596 26300 557 602 647 5812.18 16.97
115 3322 28073 23447 7753 244 289 334 28599.27 44.32
116 21292 28063 6980 17513 242 287 332 17780.21 31.34
117 16319 28280 10870 21229 644 689 734 8911.13 20.69
118 20662 28143 2766 28269 -34 11 56 17896.44 31.48
119 3760 26613 13542 29027 865 910 955 10075.46 22.09
120 23133 17679 18057 28230 1351 1396 1441 11708.52 24.05
121 3837 885 18985 17424 1379 1424 1469 22427.67 36.91
122 15710 7567 23212 21262 797 842 887 15615.15 28.74
123 10936 22571 2074 1626 907 952 997 22742.65 37.29
124 19628 8857 5641 2642 1257 1302 1347 15305.63 28.37
125 6878 4148 13852 1132 1371 1416 1461 7598.22 19.12
126 10596 15153 20250 24008 143 188 233 13100.03 25.72
127 22614 15745 20150 7107 1354 1399 1444 8982.56 20.78
128 16469 26965 21724 7070 1285 1330 1375 20577.32 34.69
129 5899 5036 3328 25806 50 95 140 20928.52 35.11
130 20030 3116 4052 6158 1321 1366 1411 16265.0 29.52
131 13355 13123 23958 10595 -3 42 87 10900.2 23.08
132 14903 10653 12221 20944 298 343 388 10634.75 22.76
133 11233 4274 683 18024 122 167 212 17331.04 30.8
134 16827 12283 17180 8188 26 71 116 4110.19 14.93
135 996 15122 3553 9288 929 974 1019 6369.76 17.64
136 3983 29772 16645 13585 1249 1294 1339 20551.04 34.66
137 17732 26676 20073 4917 -30 15 60 21884.57 36.26
138 20186 4291 19595 981 144 189 234 3362.35 14.03
139 4582 6909 13330 8807 1334 1379 1424 8951.53 20.74
140 7140 5852 0 18950 -14 31 76 14917.68 27.9
141 20878 26142 4492 15162 1243 1288 1333 19724.64 33.67
142 9813 4932 18232 11594 1305 1350 1395 10736.01 22.88
143 21641 9692 10764 21216 1326 1371 1416 15846.5 29.02
144 16771 24905 17985 5978 661 706 751 18965.89 32.76
145 22851 20955 18550 463 843 888 933 20938.5 35.13
146 19991 8096 19871 11897 942 987 1032 3802.89 14.56
147 3440 71 18428 3852 1388 1433 1478 15457.56 28.55
148 22 5392 12553 16194 1337 1382 1427 16544.16 29.85
149 359 16830 16295 26628 276 321 366 18707.14 32.45
150 20557 12691 18261 21618 204 249 294 9217.53 21.06
151 4756 4452 8942 27222 684 729 774 23151.58 37.78
152 14374 2313 15003 28190 -31 14 59 25884.64 41.06
153 21403 4727 20778 28632 943 988 1033 23913.17 38.7
154 19216 7181 6191 3663 701 746 791 13491.74 26.19
155 14643 8253 598 26999 1222 1267 1312 23423.8 38.11
156 3362 26592 12772 5117 -39 6 51 23446.19 38.14
157 5332 12246 2722 5426 1278 1323 1368 7302.36 18.76
158 13959 11098 1442 9057 795 840 885 12682.31 25.22
159 6827 746 13853 3513 754 799 844 7551.22 19.06
160 9828 29750 21810 10687 1281 1326 1371 22515.91 37.02
161 11837 14062 10313 8648 703 748 793 5624.41 16.75
162 528 12579 2483 4317 959 1004 1049 8490.15 20.19
163 7162 26027 3624 19541 2 47 92 7388.21 18.87
164 20829 4071 539 25346 810 855 900 29399.14 45.28
165 933 26612 21542 27220 1251 1296 1341 20617.97 34.74
166 850 16202 18663 5221 932 977 1022 20925.71 35.11
167 16316 9418 9919 16710 592 637 682 9700.25 21.64
168 11704 19428 7992 29047 1328 1373 1418 10310.39 22.37
169 20869 7288 14393 29813 29 74 119 23437.45 38.12
170 11089 17933 5690 15989 1393 1438 1483 5738.32 16.89
171 13763 10649 10362 435 1364 1409 1454 10765.34 22.92
172 18871 10829 13572 12044 608 653 698 5436.51 16.52
173 2315 29426 9450 2862 19 64 109 27505.53 43.01
174 1491 14372 3292 12143 254 299 344 2865.67 13.44
175 12443 389 955 18943 862 907 952 21822.58 36.19
176 5961 19702 15395 28034 1331 1376 1421 12586.6 25.1
177 11122 20758 15788 14592 1230 1275 1320 7732.47 19.28
178 18813 16703 6180 11783 311 356 401 13557.25 26.27
179 625 10664 20438 13317 1320 1365 1410 19989.83 33.99
180 9737 24012 2145 4566 1219 1264 1309 20875.47 35.05
181 20798 22987 8662 7179 760 805 850 19929.26 33.92
182 22662 12244 6707 19096 575 620 665 17364.1 30.84
183 23706 10130 16300 25812 190 235 280 17342.84 30.81
184 11785 25124 10333 19642 43 88 133 5671.03 16.81
185 19844 15062 381 23267 116 161 206 21121.8 35.35
186 22070 23931 10544 20732 1273 1318 1363 11961.7 24.35
187 15582 7965 14000 7845 85 130 175 1586.54 11.9
188 11493 6480 396 28775 266 311 356 24904.02 39.88
189 18105 6027 5025 4325 764 809 854 13190.27 25.83
190 6923 18302 23957 8145 1335 1380 1425 19832.34 33.8
191 13612 10204 15220 3785 602 647 692 6617.34 17.94
192 19277 4261 23211 29360 173 218 263 25405.44 40.49
193 7296 20173 4013 4620 654 699 744 15895.72 29.07
194 21181 26620 17511 18811 651 696 741 8628.41 20.35
195 18659 20022 3792 14766 1380 1425 1470 15768.74 28.92
196 17269 25434 4910 8798 1262 1307 1352 20724.41 34.87
197 5968 6580 16144 2214 1263 1308 1353 11073.07 23.29
198 2684 17630 18850 9455 633 678 723 18115.47 31.74
199 10030 17173 178 7000 900 945 990 14161.63 26.99
200 20936 2673 21082 24203 208 253 298 21530.5 35.84
201 15820 3085 22565 11560 1295 1340 1385 10831.47 23.0
202 6696 3106 6225 11819 1231 1276 1321 8725.72 20.47
203 3592 7808 12845 27861 181 226 271 22084.85 36.5
204 8216 7335 5395 19830 708 753 798 12809.49 25.37
205 7658 16456 9696 13830 596 641 686 3324.05 13.99
206 15292 17463 19720 1800 1258 1303 1348 16276.88 29.53
207 6607 10040 14675 19248 204 249 294 12242.54 24.69
208 11425 23334 15691 2058 211 256 301 21699.47 36.04
209 15017 1621 12172 5259 272 317 362 4618.34 15.54
210 2582 12254 4237 18826 1383 1428 1473 6777.18 18.13
211 13575 24483 8927 5821 923 968 1013 19232.11 33.08
212 21950 10666 19982 29595 563 608 653 19031.03 32.84
213 1540 21056 21459 21895 1320 1365 1410 19936.66 33.92
214 18317 27450 8752 19879 257 302 347 12198.74 24.64
215 15535 14691 2164 17132 77 122 167 13591.99 26.31
216 6843 19548 2517 16082 280 325 370 5543.23 16.65
217 7367 16345 6663 25545 79 124 169 9226.9 21.07
218 9184 28158 18892 17098 198 243 288 14716.28 27.66
219 19760 10566 9036 20894 273 318 363 14888.65 27.87
220 16311 19590 4987 11413 309 354 399 13967.69 26.76
221 13931 12372 10707 23795 1328 1373 1418 11869.25 24.24
222 8723 2966 282 24157 70 115 160 22810.28 37.37
223 17822 29203 21770 16651 147 192 237 13158.24 25.79
224 10023 20711 4373 19629 -8 37 82 5752.67 16.9
225 2548 17023 4373 6772 1366 1411 1456 10412.19 22.49
226 9637 29298 17968 5605 1295 1340 1385 25115.01 40.14
227 3215 7993 19374 20001 757 802 847 20132.2 34.16
228 22342 8915 18323 10105 98 143 188 4191.47 15.03
229 23419 19172 16612 6561 265 310 355 14330.83 27.2
230 2905 27083 11902 2050 584 629 674 26600.7 41.92
231 23675 27894 1154 1641 110 155 200 34589.24 51.51
232 19403 25351 1894 16207 4 49 94 19752.92 33.7
233 15697 11980 21964 994 1231 1276 1321 12647.83 25.18
234 17906 12449 18228 4048 567 612 657 8407.17 20.09
235 22926 11412 15619 1667 1280 1325 1370 12180.2 24.62
236 2639 843 13257 26467 1344 1389 1434 27736.82 43.28
237 7763 939 694 18601 1367 1412 1457 19024.12 32.83
238 18926 3626 5757 25703 808 853 898 25706.35 40.85
239 2512 5923 19140 26718 761 806 851 26625.6 41.95
240 23031 12257 19011 11899 1378 1423 1468 4035.91 14.84
241 18819 14864 14328 14747 28 73 118 4492.52 15.39
242 16891 3494 6867 10856 869 914 959 12437.03 24.92
243 6649 17387 1879 25412 -2 43 88 9335.61 21.2
244 5517 4947 21414 26043 1329 1374 1419 26415.07 41.7
245 11378 17262 17308 12702 699 744 789 7480.54 18.98
246 15740 27878 13476 7300 1233 1278 1323 20702.17 34.84
247 21121 2773 18442 23861 860 905 950 21257.49 35.51
248 20567 3892 7873 21271 615 660 705 21521.32 35.83
249 4265 15920 12868 20707 -12 33 78 9845.15 21.81
250 23368 9838 9552 27234 1369 1414 1459 22214.92 36.66
251 3946 7833 21721 17754 1110 1155 1200 20356.25 34.43
252 8228 12704 19057 16089 1081 1126 1171 11345.72 23.61
253 8551 13550 15686 7808 477 522 567 9158.54 20.99
254 12112 9607 713 25611 427 472 517 19648.54 33.58
255 10372 1427 18773 11886 990 1035 1080 13415.2 26.1
256 8101 8714 12128 25483 509 554 599 17245.76 30.69
257 10680 4324 17661 10609 379 424 469 9393.38 21.27
258 22285 5649 14677 28416 1132 1177 1222 24004.54 38.81
259 20347 8354 16658 6843 533 578 623 3986.46 14.78
260 7391 22212 19135 9049 1038 1083 1128 17640.47 31.17
261 20501 11437 21822 26705 1028 1073 1118 15325.04 28.39
262 6184 5091 2301 15509 374 419 464 11118.11 23.34
263 302 2763 21984 14151 550 595 640 24490.73 39.39
264 11927 12583 2897 28215 1189 1234 1279 18052.71 31.66
265 1189 20139 23453 19398 1131 1176 1221 22276.33 36.73
266 3795 21292 14189 19659 474 519 564 10521.5 22.63
267 9484 19671 20508 4755 1021 1066 1111 18547.66 32.26
268 7501 20964 701 7935 1030 1075 1120 14696.76 27.64
269 7188 6926 19864 3638 320 365 410 13095.49 25.71
270 16436 5586 19682 2807 1138 1183 1228 4273.1 15.13
271 10460 19964 11191 15888 542 587 632 4141.03 14.97
272 341 28844 22882 20809 457 502 547 23930.27 38.72
273 10859 8249 6578 14217 504 549 594 7344.66 18.81
274 22383 15012 1215 25316 1100 1145 1190 23542.66 38.25
275 11938 17515 6251 21861 547 592 637 7157.49 18.59
276 16624 25946 14660 10635 1037 1082 1127 15436.45 28.52
277 289 6881 16021 13883 503 548 593 17219.87 30.66
278 3777 17504 15279 11714 1104 1149 1194 12877.12 25.45
279 4733 22772 5974 12430 1044 1089 1134 10416.19 22.5
280 14290 10977 7170 29261 344 389 434 19621.39 33.55
281 6229 22885 8068 8294 478 523 568 14706.43 27.65
282 23543 16479 9798 15264 375 420 465 13798.6 26.56
283 23071 21505 14332 13103 1135 1180 1225 12122.86 24.55
284 13837 24732 3253 4517 379 424 469 22818.13 37.38
285 22811 24796 21776 8360 1109 1154 1199 16468.56 29.76
286 9622 25465 9019 16163 1046 1091 1136 9321.52 21.19
287 20512 10929 1749 24822 1051 1096 1141 23346.64 38.02
288 16451 2313 10757 23365 1196 1241 1286 21808.45 36.17
289 2725 4901 568 10069 386 431 476 5600.08 16.72
290 17811 2606 14192 17393 400 445 490 15223.42 28.27
291 1614 3358 1940 16593 410 455 500 13239.01 25.89
292 6327 13750 22816 21159 1038 1083 1128 18077.07 31.69
293 4786 29511 20631 2731 403 448 493 31116.43 47.34
294 11450 12020 11349 18781 1027 1072 1117 6761.75 18.11
295 16545 23961 2127 1243 1212 1257 1302 26906.99 42.29
296 18686 18535 835 29976 402 447 492 21202.7 35.44
297 14188 4272 21295 2579 1155 1200 1245 7305.87 18.77
298 10998 9373 12834 6973 1074 1119 1164 3021.74 13.63
299 12322 785 2291 25240 341 386 431 26432.33 41.72
300 15699 21781 22709 20793 317 362 407 7079.28 18.5
301 19530 26809 19973 26375 986 1031 1076 620.17 10.74
302 22960 208 22643 11636 350 395 440 11432.4 23.72
303 2316 17569 6177 50 502 547 592 17939.42 31.53
304 21210 27190 23031 3788 384 429 474 23472.74 38.17
305 19514 5650 19534 7476 979 1024 1069 1826.11 12.19
306 19011 21320 15846 29608 353 398 443 8871.76 20.65
307 18896 20848 830 13275 327 372 417 19589.05 33.51
308 12651 7623 13538 24736 323 368 413 17135.97 30.56
309 4410 24959 23432 7643 1144 1189 1234 25723.15 40.87
310 1670 14289 12769 22928 484 529 574 14064.85 26.88
311 23790 3653 10502 22531 1214 1259 1304 23085.71 37.7
312 7560 23585 7255 2638 1021 1066 1111 20949.22 35.14
313 9182 16288 1386 16649 1123 1168 1213 7804.35 19.37
314 18156 19203 1753 23505 1065 1110 1155 16957.76 30.35
315 12019 5499 19288 20150 410 455 500 16355.13 29.63
316 21414 8669 16784 10977 376 421 466 5173.37 16.21
317 5846 11401 97 8971 1037 1082 1127 6241.47 17.49
318 10881 7659 17165 20625 324 369 414 14408.53 27.29
319 15862 9729 1833 25419 1047 1092 1137 21047.3 35.26
320 9631 4184 22288 7235 1041 1086 1131 13019.53 25.62
321 2856 7281 7517 1601 450 495 540 7347.61 18.82
322 13925 16145 17193 15043 406 451 496 3448.8 14.14
323 18783 13265 13692 27999 534 579 624 15588.75 28.71
324 19327 22717 8261 9438 534 579 624 17285.49 30.74
325 7508 2301 576 18031 1159 1204 1249 17189.69 30.63
326 9871 14531 13052 16425 1186 1231 1276 3702.16 14.44
327 11469 12714 19785 10438 1025 1070 1115 8621.83 20.35
328 10594 29849 18917 6930 436 481 526 24383.46 39.26
329 17308 19238 184 7931 1074 1119 1164 20520.22 34.62
330 9892 12530 23846 24760 1130 1175 1220 18554.97 32.27
331 16050 6226 21715 6822 1156 1201 1246 5696.27 16.84
332 5247 4137 16537 24776 1029 1074 1119 23525.14 38.23
333 4078 5338 9222 11424 1018 1063 1108 7968.7 19.56
334 12120 222 23608 1513 552 597 642 11560.31 23.87
335 7372 29715 2422 27741 390 435 480 5329.09 16.39
336 22810 21445 15097 14442 333 378 423 10417.89 22.5
337 3632 20242 11401 27506 410 455 500 10635.93 22.76
338 1226 15069 15482 17005 1214 1259 1304 14386.86 27.26
339 7661 11279 23455 4875 1211 1256 1301 17042.94 30.45
340 22128 22509 2534 4313 1181 1226 1271 26739.84 42.09
341 19646 15512 13822 24299 505 550 595 10541.84 22.65
342 10645 100 11833 15384 497 542 587 15330.1 28.4
343 8133 22766 966 4446 1030 1075 1120 19672.02 33.61
344 19610 29886 6109 24345 1151 1196 1241 14593.82 27.51
345 14790 29643 11723 5680 522 567 612 24158.47 38.99
346 596 27153 14162 8584 338 383 428 22996.61 37.6
347 3054 10978 17725 13035 426 471 516 14814.5 27.78
348 2959 1431 6324 22682 496 541 586 21515.77 35.82
349 19950 26400 10413 4600 518 563 608 23794.84 38.55
350 21085 22052 3038 10948 1089 1134 1179 21189.46 35.43
351 3387 16875 6759 27302 1040 1085 1130 10958.68 23.15
352 19183 16909 17791 660 1198 1243 1288 16308.52 29.57
353 5509 14316 2904 17948 1192 1237 1282 4469.61 15.36
354 18497 24369 17627 9055 1121 1166 1211 15338.69 28.41
355 11538 14997 1223 11442 496 541 586 10910.42 23.09
356 13068 1874 19253 11819 527 572 617 11711.42 24.05
357 6158 19570 12046 15830 1133 1178 1223 6975.4 18.37
358 11654 7747 20595 2963 1124 1169 1214 10140.42 22.17
359 19342 8472 23672 19893 1096 1141 1186 12214.26 24.66
360 1720 23617 11957 23748 991 1036 1081 10237.84 22.29
361 20919 22687 14200 15321 447 492 537 9970.1 21.96
362 8764 16520 2563 6930 546 591 636 11420.18 23.7
363 21133 17739 11718 15649 444 489 534 9644.19 21.57
364 6807 11124 14348 3137 542 587 632 10984.48 23.18
365 8240 8851 17064 15554 434 479 524 11081.21 23.3
366 12129 18599 17374 12255 532 577 622 8231.43 19.88
367 19146 25837 12261 14323 1214 1259 1304 13415.49 26.1
368 13313 17367 5526 2226 430 475 520 17026.08 30.43
369 2164 8151 5749 11509 1040 1085 1130 4912.07 15.89
370 10580 27089 5136 24000 1163 1208 1253 6259.32 17.51
371 20664 13678 15499 10849 498 543 588 5889.01 17.07
372 8613 21712 19960 22532 448 493 538 11376.59 23.65
373 16727 25904 18645 1761 487 532 577 24219.07 39.06
374 19455 17568 19643 23744 497 542 587 6178.86 17.41
375 1759 17991 11104 17851 987 1032 1077 9346.05 21.22
376 23164 27352 5783 1710 458 503 548 30977.59 47.17
377 20219 10638 17212 13470 371 416 461 4130.65 14.96
378 20613 16671 7955 23932 1012 1057 1102 14592.71 27.51
379 23083 3345 19929 2650 458 503 548 3229.67 13.88
380 7327 21019 4732 25496 1213 1258 1303 5174.7 16.21
381 2429 24490 14189 7076 1170 1215 1260 21012.97 35.22
382 6337 28783 16624 20404 1169 1214 1259 13267.63 25.92
383 16721 12564 20493 26657 414 459 504 14589.06 27.51
384 15440 8182 1710 25570 501 546 591 22155.26 36.59
385 5287 11238 8303 23919 988 1033 1078 13034.72 25.64
386 9710 9373 15191 5851 348 393 438 6515.05 17.82
387 1499 17751 11309 29348 1040 1085 1130 15189.68 28.23
388 2039 25465 17041 24377 355 400 445 15041.4 28.05
389 9003 16928 6409 16705 545 590 635 2603.57 13.12
390 12176 17867 15185 3769 1089 1134 1179 14415.54 27.3
391 7267 10711 21881 5925 1143 1188 1233 15377.74 28.45
392 5632 3169 23863 9065 1044 1089 1134 19160.69 32.99
393 17086 24077 6424 23680 336 381 426 10669.39 22.8
394 16046 3753 14174 26871 1084 1129 1174 23193.67 37.83
395 10712 24952 16223 18215 478 523 568 8703.92 20.44
396 13527 20315 9153 24762 493 538 583 6237.6 17.49
397 4931 8221 4145 13274 356 401 446 5113.77 16.14
398 5220 29635 1691 23489 1094 1139 1184 7087.11 18.5
399 1956 14063 14133 471 1056 1101 1146 18248.88 31.9
400 19906 9432 450 141 446 491 536 21560.58 35.87
401 23850 4252 14193 28924 1036 1081 1126 26494.63 41.79
402 7409 15199 3076 12706 382 427 472 4998.99 16.0
403 15210 21925 21821 29999 1082 1127 1172 10435.27 22.52
404 7545 14841 3558 12591 356 401 446 4578.06 15.49
405 10311 11585 11325 6796 530 575 620 4895.17 15.87
406 13966 20529 3186 23734 332 377 422 11246.35 23.5
407 18395 28266 12687 20417 492 537 582 9705.05 21.65
408 3045 3107 6810 27591 994 1039 1084 24771.79 39.73
409 20855 20388 5834 23946 1045 1090 1135 15436.64 28.52
410 1501 29500 23211 8522 1075 1120 1165 30189.41 46.23
411 4275 5708 4062 17566 424 469 514 11859.91 24.23
412 557 2274 5972 11079 1001 1046 1091 10336.84 22.4
413 6626 26378 13326 28390 515 560 605 6995.58 18.39
414 19903 27758 15419 21296 432 477 522 7865.35 19.44
415 2821 2610 12147 11056 334 379 424 12582.1 25.1
416 21881 25289 17921 9602 554 599 644 16179.11 29.41
417 9602 20791 6801 26183 473 518 563 6076.12 17.29
418 22053 29758 12894 14105 1105 1150 1195 18135.7 31.76
419 19519 25548 10923 21409 537 582 627 9540.57 21.45
420 9064 20836 2105 7032 471 516 561 15458.92 28.55
421 20667 25351 19027 15905 1213 1258 1303 9587.31 21.5
422 5099 967 7083 22332 388 433 478 21456.92 35.75
423 12600 20264 23542 15150 1165 1210 1255 12078.09 24.49
424 12444 9794 9602 12744 509 554 599 4096.27 14.92
425 2052 18142 22145 1337 1135 1180 1225 26194.21 41.43
426 15142 22472 8833 10458 337 382 427 13569.81 26.28
427 2802 8273 7058 21934 442 487 532 14308.61 27.17
428 22474 27997 15832 22733 444 489 534 8475.01 20.17
429 11174 1111 6651 2713 1004 1049 1094 4798.33 15.76
430 1365 19437 2325 10753 425 470 515 8736.9 20.48
431 10523 23668 9642 21115 442 487 532 2700.74 13.24
432 20968 28195 16903 9748 1195 1240 1285 18889.57 32.67
433 12490 1334 2617 23567 1131 1176 1221 24326.58 39.19
434 6047 16720 6611 5225 486 531 576 11508.83 23.81
435 18796 28152 1696 28476 1188 1233 1278 17103.07 30.52
436 23214 9086 18202 4173 469 514 559 7018.38 18.42
437 13463 4110 16114 28030 439 484 529 24066.45 38.88
438 20301 11739 10189 12578 409 454 499 10146.75 22.18
439 19050 23222 2215 7786 504 549 594 22840.48 37.41
440 18832 28696 23601 23142 543 588 633 7320.54 18.78
441 190 1348 8195 23026 471 516 561 23108.78 37.73
442 18106 20860 4199 23258 534 579 624 14112.23 26.93
443 760 14116 14176 10213 1072 1117 1162 13972.2 26.77
444 13083 18618 12327 7754 538 583 628 10890.27 23.07
445 6113 14705 14233 2672 543 588 633 14516.46 27.42
446 13637 21467 10145 19651 1028 1073 1118 3935.98 14.72
447 21622 10486 5648 24576 1188 1233 1278 21300.16 35.56
448 11713 5742 1353 14564 377 422 467 13607.25 26.33
449 22588 17201 19528 17014 1105 1150 1195 3065.71 13.68
450 10109 12027 2007 8324 408 453 498 8908.12 20.69
451 2313 19995 23911 1118 1077 1122 1167 28684.75 44.42
452 12590 10873 6935 20401 1211 1256 1301 11079.79 23.3
453 15006 5532 15172 15698 1074 1119 1164 10167.36 22.2
454 819 20060 682 10417 1105 1150 1195 9643.97 21.57
455 3672 2734 14911 24364 409 454 499 24375.64 39.25
456 905 11844 16726 23593 1155 1200 1245 19706.42 33.65
457 13002 17300 19273 7248 1145 1190 1235 11847.71 24.22
458 10034 16981 10754 26250 1074 1119 1164 9296.92 21.16
459 4052 10580 23050 21393 389 434 479 21859.67 36.23
460 13757 5091 9202 19706 388 433 478 15308.37 28.37
461 7250 3357 17411 27836 1024 1069 1114 26504.1 41.8
462 9611 16987 7664 13130 385 430 475 4320.56 15.18
463 11626 17562 790 11326 1166 1211 1256 12502.26 25.0
464 9545 3003 6278 18871 456 501 546 16200.82 29.44
465 16518 3953 13380 27413 345 390 435 23668.94 38.4
466 5726 5242 20098 3515 505 550 595 14475.39 27.37
467 3815 6667 14682 20456 1211 1256 1301 17556.43 31.07
468 2624 10342 8498 1950 322 367 412 10243.51 22.29
469 16676 28064 17838 29087 341 386 431 1548.15 11.86
470 18807 8828 12073 2268 488 533 578 9401.08 21.28
471 20759 13528 13161 11222 1186 1231 1276 7940.23 19.53
472 17803 18956 6665 1975 1205 1250 1295 20307.87 34.37
473 9282 3326 997 13440 1026 1071 1116 13074.18 25.69
474 12098 28318 7035 19456 1063 1108 1153 10206.32 22.25
475 23030 15355 6421 3698 1124 1169 1214 20291.49 34.35
476 8800 19937 5944 2442 1084 1129 1174 17726.58 31.27
477 3392 2916 18073 26158 1085 1130 1175 27490.4 42.99
478 5767 12339 21836 17557 1147 1192 1237 16894.98 30.27
479 5922 13442 16512 1028 436 481 526 16317.34 29.58
480 20092 12965 3829 22031 525 570 615 18619.28 32.34
481 18266 929 47 401 443 488 533 18226.65 31.87
482 18552 28087 3525 11366 378 423 468 22481.16 36.98
483 14086 7736 11584 6561 990 1035 1080 2764.17 13.32
484 12149 16813 23626 28819 1026 1071 1116 16609.2 29.93
485 14887 12731 16539 5743 403 448 493 7180.62 18.62
486 16048 21792 9914 18284 456 501 546 7066.26 18.48
487 21156 11942 7442 2178 483 528 573 16834.77 30.2
488 2369 25939 16387 20527 354 399 444 15026.45 28.03
489 9197 14681 534 16685 393 438 483 8891.77 20.67
490 11591 3318 7434 22450 1076 1121 1166 19578.41 33.49
491 15548 14730 14813 20034 1053 1098 1143 5354.68 16.43
492 10135 7266 1835 14046 456 501 546 10717.2 22.86
493 8443 135 1591 22941 1209 1254 1299 23813.1 38.58
494 8185 16926 225 21337 362 407 452 9100.47 20.92
495 226 18989 2112 4513 420 465 510 14598.34 27.52
496 11023 27358 9359 5328 316 361 406 22092.75 36.51
497 3584 28046 1773 24860 454 499 544 3664.74 14.4
498 22326 28667 5118 20360 977 1022 1067 19108.15 32.93
499 4691 11874 5953 16077 988 1033 1078 4388.38 15.27
500 20728 10430 58 18540 975 1020 1065 22204.08 36.64
