200 5
12000 15000
1 22166 3723 1641 8529 909 954 999 21080.16 35.3
2 15997 27336 21840 22063 576 621 666 7870.53 19.44
3 7862 9462 3066 20971 1287 1332 1377 12468.31 24.96
4 17015 810 22676 17635 1330 1375 1420 17751.83 31.3
5 281 5357 20670 28188 1252 1297 1342 30609.9 46.73
6 7293 26037 9441 22300 123 168 213 4310.34 15.17
7 23174 1098 1939 10970 1258 1303 1348 23417.55 38.1
8 7306 20588 243 6937 60 105 150 15369.96 28.44
9 22700 12603 6040 22458 851 896 941 19356.57 33.23
10 9807 10809 3956 19262 623 668 713 10280.44 22.34
11 6985 26403 22255 15478 8 53 98 18775.74 32.53
12 3687 27596 20825 585 785 830 875 31989.14 48.39
13 11682 28607 7121 10058 260 305 350 19101.52 32.92
14 3820 34 2951 1604 1272 1317 1362 1794.45 12.15
15 22124 7570 20738 10069 1324 1369 1414 2857.62 13.43
16 20309 27194 8919 26845 868 913 958 11395.35 23.67
17 22540 8925 4057 16822 1381 1426 1471 20099.35 34.12
18 9553 8410 22847 6731 174 219 264 13399.61 26.08
19 18097 16585 22173 18695 1247 1292 1337 4589.76 15.51
20 9715 4050 22229 16559 974 1019 1064 17693.93 31.23
21 12405 19651 153 29002 930 975 1020 15412.74 28.5
22 13862 23305 16329 16387 1222 1267 1312 7344.71 18.81
23 13779 17764 16172 11557 583 628 673 6652.32 17.98
24 4832 23382 9856 16171 69 114 159 8788.58 20.55
25 16364 24895 12905 10477 843 888 933 14827.12 27.79
26 10838 7864 23166 13055 -3 42 87 13376.32 26.05
27 14244 12859 3825 13747 96 141 186 10456.77 22.55
28 22008 17297 17146 13636 638 683 728 6086.21 17.3
29 13410 4788 10231 14787 611 656 701 10492.19 22.59
30 10296 18530 7616 26679 1310 1355 1400 8578.38 20.29
31 7308 24707 13770 18194 728 773 818 9174.78 21.01
32 14480 5279 119 26141 309 354 399 25327.09 40.39
33 23405 13540 2952 24176 769 814 859 23053.19 37.66
34 20370 2981 16831 16153 -1 44 89 13639.14 26.37
35 12666 26355 21025 4088 871 916 961 23784.28 38.54
36 14877 28264 17017 18835 245 290 335 9668.8 21.6
37 5018 28005 4213 7448 812 857 902 20572.76 34.69
38 17746 17329 2470 15541 589 634 679 15380.28 28.46
39 13577 22059 10440 7792 1363 1408 1453 14607.81 27.53
40 23747 17500 20105 20216 62 107 152 4543.22 15.45
41 9217 11254 17277 8363 1225 1270 1315 8562.8 20.28
42 22939 9594 21219 17407 1216 1261 1306 8000.09 19.6
43 3630 17360 5810 5093 285 330 375 12459.2 24.95
44 21990 18037 22289 25376 971 1016 1061 7345.09 18.81
45 13042 25819 12210 16426 268 313 358 9429.78 21.32
46 11646 4775 21599 20251 1270 1315 1360 18400.24 32.08
47 8444 28818 21465 23359 313 358 403 14119.03 26.94
48 14437 17247 5467 22089 589 634 679 10193.42 22.23
49 15563 19424 16399 6766 625 670 715 12685.58 25.22
50 13789 866 16105 23718 878 923 968 22969.06 37.56
51 23832 6046 181 1563 721 766 811 24072.12 38.89
52 7609 10363 15231 14403 1217 1262 1307 8626.5 20.35
53 10999 21709 20955 17459 1373 1418 1463 10825.18 22.99
54 4751 19554 20943 11175 130 175 220 18231.53 31.88
55 17460 673 15853 23722 1289 1334 1379 23104.95 37.73
56 22249 23472 7413 19911 235 280 325 15257.38 28.31
57 17290 25511 16576 9520 -28 17 62 16006.93 29.21
58 11945 20332 5056 20957 20 65 110 6917.29 18.3
59 15768 27028 21339 20282 1329 1374 1419 8748.97 20.5
60 3550 653 23771 4228 891 936 981 20534.59 34.64
61 9269 10082 6848 14070 567 612 657 4665.34 15.6
62 3058 21891 20417 19577 602 647 692 17512.55 31.02
63 18007 24051 10176 23508 1337 1382 1427 7849.8 19.42
64 5184 19220 19034 1148 142 187 232 22768.83 37.32
65 19313 702 13585 17858 660 705 750 18086.97 31.7
66 7186 6809 6665 8694 785 830 875 1955.68 12.35
67 10035 27135 9054 26797 1264 1309 1354 1037.6 11.25
68 14935 1386 11781 18259 601 646 691 17165.25 30.6
69 20707 29883 14867 2350 128 173 218 28145.54 43.77
70 20622 29829 13037 23535 1390 1435 1480 9856.3 21.83
71 18663 24927 6820 12067 660 705 750 17482.46 30.98
72 12436 27119 12534 5956 1304 1349 1394 21163.23 35.4
73 1100 17280 6113 12574 818 863 908 6875.8 18.25
74 2346 13669 23350 5128 874 919 964 22674.14 37.21
75 19941 24943 377 19382 743 788 833 20339.0 34.41
76 974 16846 20443 1538 -15 30 75 24766.45 39.72
77 5403 15970 15425 4746 1348 1393 1438 15047.21 28.06
78 20924 23908 15834 29883 668 713 758 7849.12 19.42
79 16580 23159 15022 21875 721 766 811 2018.92 12.42
80 12906 27394 2596 2006 850 895 940 27401.58 42.88
81 20813 13975 6482 26156 936 981 1026 18808.36 32.57
82 6983 18825 7648 7968 64 109 154 10877.35 23.05
83 9766 19812 9647 24795 671 716 761 4984.42 15.98
84 13360 29673 18618 29400 1218 1263 1308 5265.08 16.32
85 3165 7398 20081 26006 1368 1413 1458 25147.74 40.18
86 12672 3163 723 18135 793 838 883 19155.66 32.99
87 18399 9192 5890 28203 72 117 162 22757.27 37.31
88 19103 19961 8352 16484 1245 1290 1335 11299.27 23.56
89 21388 14896 19913 6520 1284 1329 1374 8504.88 20.21
90 4627 383 10986 1513 260 305 350 6458.62 17.75
91 5473 24975 303 227 216 261 306 25282.25 40.34
92 22406 6768 20050 20365 1297 1342 1387 13799.61 26.56
93 12307 16494 1997 23333 255 300 345 12372.07 24.85
94 606 14865 14467 15686 662 707 752 13885.29 26.66
95 23099 29755 18655 17516 803 848 893 13020.84 25.63
96 15767 9383 3876 18244 295 340 385 14829.47 27.8
97 13851 14190 135 13833 664 709 754 13720.65 26.46
98 13697 1071 13872 19012 45 90 135 17941.85 31.53
99 22410 5083 3751 11173 1247 1292 1337 19627.69 33.55
100 14507 17369 5860 6793 206 251 296 13660.98 26.39
101 6472 17685 10059 29747 1063 1108 1153 12584.05 25.1
102 14383 24254 6569 977 1083 1128 1173 24553.56 39.46
103 11719 3047 288 17256 1009 1054 1099 18236.32 31.88
104 1904 28883 12410 1946 525 570 615 28913.28 44.7
105 7125 16163 12919 20854 1131 1176 1221 7454.93 18.95
106 9222 29860 12174 3523 1041 1086 1131 26501.92 41.8
107 13102 3165 15108 17392 405 450 495 14367.73 27.24
108 2414 23659 13274 24742 368 413 458 10913.87 23.1
109 2844 23875 19018 9628 505 550 595 21554.01 35.86
110 23257 21965 3035 2483 1211 1256 1301 28079.84 43.7
111 16941 3436 9887 13037 1045 1090 1135 11913.78 24.3
112 7076 2333 10519 10398 1167 1212 1257 8769.18 20.52
113 18685 2010 2514 5702 338 383 428 16587.11 29.9
114 20263 17971 22746 29451 317 362 407 11745.45 24.09
115 15846 1435 13049 20346 553 598 643 19116.72 32.94
116 1659 23535 1717 22398 992 1037 1082 1138.48 11.37
117 5426 11966 18807 19220 1051 1096 1141 15220.76 28.26
118 17732 17522 9892 21960 425 470 515 9008.96 20.81
119 1862 1419 19475 27968 1049 1094 1139 31860.12 48.23
120 4424 18668 7994 4007 328 373 418 15089.39 28.11
121 14703 17681 18218 3531 1172 1217 1262 14580.05 27.5
122 23549 18449 9677 25317 320 365 410 15479.08 28.57
123 6373 28883 1844 8440 1172 1217 1262 20938.67 35.13
124 4986 7674 11089 22841 428 473 518 16348.84 29.62
125 15579 27137 7486 861 1146 1191 1236 27494.09 42.99
126 17524 11406 5434 14946 468 513 558 12597.61 25.12
127 18553 12181 5484 10228 387 432 477 13214.12 25.86
128 7726 24796 6373 10159 333 378 423 14699.4 27.64
129 5305 5952 9268 18101 1001 1046 1091 12779.03 25.33
130 1320 9969 7139 11377 487 532 577 5986.92 17.18
131 18815 533 7902 1228 403 448 493 10935.11 23.12
132 20687 3044 22736 12113 355 400 445 9297.59 21.16
133 20384 16830 21658 10635 366 411 456 6324.64 17.59
134 8151 10552 7459 20879 1036 1081 1126 10350.16 22.42
135 5111 15884 15842 23201 1133 1178 1223 12988.18 25.59
136 15578 7699 6696 21872 489 534 579 16726.14 30.07
137 11329 13970 8551 11305 504 549 594 3849.61 14.62
138 19407 26201 3268 29846 1142 1187 1232 16545.49 29.85
139 22464 14421 4840 10904 378 423 468 17971.5 31.57
140 19134 8396 4379 7031 508 553 598 14818.0 27.78
141 23117 16978 22381 14293 1016 1061 1106 2784.05 13.34
142 21301 14356 5138 10033 1068 1113 1158 16731.14 30.08
143 11816 14039 15154 21818 1010 1055 1100 8464.93 20.16
144 1421 13054 18249 12815 1130 1175 1220 16829.7 30.2
145 6707 22427 4806 1237 1009 1054 1099 21275.1 35.53
146 21161 11406 19123 29089 446 491 536 17800.05 31.36
147 8268 4515 857 19304 439 484 529 16541.99 29.85
148 19726 15473 1336 12834 438 483 528 18578.39 32.29
149 8415 3573 10542 28365 422 467 512 24883.07 39.86
150 8740 10994 7062 12531 1003 1048 1093 2275.53 12.73
151 8454 24702 11892 29778 1032 1077 1122 6130.71 17.36
152 1408 24476 6715 22250 330 375 420 5754.94 16.91
153 16153 27443 11479 28573 1130 1175 1220 4808.66 15.77
154 23958 15279 3377 7593 1037 1082 1127 21969.35 36.36
155 1977 22554 4938 17271 367 412 457 6056.2 17.27
156 10661 23131 21117 26502 516 561 606 10985.97 23.18
157 8648 17633 16331 14777 1158 1203 1248 8196.66 19.84
158 1145 18226 14259 10578 354 399 444 15181.2 28.22
159 2892 27238 1783 27516 431 476 521 1143.31 11.37
160 3881 8774 8193 23116 451 496 541 14976.19 27.97
161 15211 26142 354 8326 1085 1130 1175 23197.85 37.84
162 17011 10538 1018 1332 378 423 468 18453.36 32.14
163 22078 15284 9675 11562 529 574 619 12949.43 25.54
164 19051 6005 299 9836 390 435 480 19139.33 32.97
165 18761 29504 8663 23142 389 434 479 11935.02 24.32
166 16741 18762 23231 2063 476 521 566 17915.82 31.5
167 3823 10097 17512 15444 1136 1181 1226 14696.23 27.64
168 23768 21224 8143 28702 1211 1256 1301 17322.27 30.79
169 15476 15648 6160 18524 1093 1138 1183 9749.83 21.7
170 5652 29057 22640 337 1031 1076 1121 33368.11 50.04
171 3521 3714 2359 22277 498 543 588 18599.33 32.32
172 13803 11669 21096 2530 516 561 606 11692.27 24.03
173 5164 27790 15380 11452 1079 1124 1169 19269.07 33.12
174 14366 21941 16859 29560 448 493 538 8016.5 19.62
175 6435 24799 706 26401 1142 1187 1232 5948.77 17.14
176 9253 26772 1542 28356 1031 1076 1121 7872.01 19.45
177 9016 3172 10099 14163 1147 1192 1237 11044.23 23.25
178 17094 19241 19973 24047 481 526 571 5602.35 16.72
179 3570 26292 18733 1255 348 393 438 29270.6 45.12
180 22551 16821 10202 24046 549 594 639 14307.29 27.17
181 13628 21520 8457 27387 1069 1114 1159 7820.55 19.38
182 9906 7204 10793 4329 1015 1060 1105 3008.72 13.61
183 2978 15853 11774 4045 508 553 598 14724.08 27.67
184 1491 10768 6845 29234 498 543 588 19226.5 33.07
185 16603 3129 1606 24756 991 1036 1081 26318.0 41.58
186 53 13201 9260 4176 1067 1112 1157 12892.61 25.47
187 20197 15380 19393 10977 1193 1238 1283 4475.8 15.37
188 22345 7770 474 5884 333 378 423 21952.17 36.34
189 9902 4825 10225 5929 543 588 633 1150.28 11.38
190 6632 23671 5977 24826 1118 1163 1208 1327.8 11.59
191 9433 14570 11645 29042 452 497 542 14640.07 27.57
192 4273 1626 21460 10496 1040 1085 1130 19340.89 33.21
193 11186 18329 15613 9573 362 407 452 9811.52 21.77
194 3559 8385 10035 22885 1042 1087 1132 15880.45 29.06
195 23420 9076 6591 24332 1004 1049 1094 22714.77 37.26
196 11741 3619 2000 4710 1130 1175 1220 9801.91 21.76
197 614 18573 10824 14331 496 541 586 11056.16 23.27
198 8926 4688 4448 10761 1144 1189 1234 7545.45 19.05
199 7708 12149 9717 14974 1153 1198 1243 3466.51 14.16
200 6302 7251 5830 20963 378 423 468 13720.12 26.46
