30 2
12000 15000
1 17152 6091 2727 25005 1338 1383 1428 23786.97 38.54
2 17287 1032 7880 10850 1319 1364 1409 13597.23 26.32
3 12945 18224 18341 8270 137 182 227 11322.5 23.59
4 17065 16504 82 20120 751 796 841 17363.69 30.84
5 12982 17716 15753 9486 765 810 855 8683.97 20.42
6 22289 16741 11068 22194 1387 1432 1477 12475.82 24.97
7 12725 1685 9323 26969 8 53 98 25511.85 40.61
8 707 12691 5100 17726 307 352 397 6682.04 18.02
9 2642 20434 21183 10931 1301 1346 1391 20834.48 35.0
10 18677 6922 20753 23081 845 890 935 16291.81 29.55
11 18389 23249 6155 5435 1287 1332 1377 21610.4 35.93
12 4414 16933 19145 16303 911 956 1001 14744.47 27.69
13 16814 20126 7261 6575 1222 1267 1312 16579.79 29.9
14 4715 25211 16282 27467 602 647 692 11784.95 24.14
15 325 17758 23004 17192 114 159 204 22686.06 37.22
16 2229 19712 13243 8335 1018 1063 1108 15834.91 29.0
17 7560 5300 9503 11128 397 442 487 6143.36 17.37
18 13964 20872 13549 16513 978 1023 1068 4378.71 15.25
19 10949 24670 19584 7088 1200 1245 1290 19588.01 33.51
20 5515 13272 16863 21495 554 599 644 14014.09 26.82
21 23112 11700 11387 23928 1112 1157 1202 16941.06 30.33
22 8763 21776 22937 15866 1002 1047 1092 15356.77 28.43
23 15728 8289 13945 7802 409 454 499 1848.31 12.22
24 10724 12579 16612 16123 1192 1237 1282 6872.3 18.25
25 11443 11572 8717 9095 533 578 623 3683.29 14.42
26 17048 8378 10908 28158 1096 1141 1186 20711.06 34.85
27 5490 25814 13964 21009 350 395 440 9741.49 21.69
28 21135 19734 23961 10361 977 1022 1067 9789.76 21.75
29 5749 24757 16277 24585 1118 1163 1208 10529.4 22.64
30 14588 15254 6482 17498 1150 1195 1240 8410.87 20.09
