500 5
12000 15000
1 9582 4204 2099 18441 812 857 902 16083.76 29.3
2 17225 1660 13496 8222 800 845 890 7547.54 19.06
3 7768 20735 7207 14625 1232 1277 1322 6135.7 17.36
4 5749 28273 3001 8491 892 937 982 19971.96 33.97
5 8864 23482 20316 12565 1217 1262 1307 15821.79 28.99
6 3565 27780 18575 7739 893 938 983 25038.81 40.05
7 17164 25035 4301 17885 886 931 976 14716.63 27.66
8 7387 5244 8748 15318 810 855 900 10165.52 22.2
9 2517 5507 11489 28464 1217 1262 1307 24647.93 39.58
10 8727 24782 16334 9122 577 622 667 17409.83 30.89
11 3576 23486 15025 22074 258 303 348 11535.74 23.84
12 15407 8716 12332 26453 816 861 906 18001.58 31.6
13 11698 929 20157 623 1308 1353 1398 8464.53 20.16
14 6069 6499 11412 11011 105 150 195 6993.27 18.39
15 6798 6696 9831 27453 282 327 372 20977.42 35.17
16 1031 10905 12820 5792 1264 1309 1354 12850.03 25.42
17 8040 26592 7894 14276 1376 1421 1466 12316.87 24.78
18 20700 20526 22482 20965 613 658 703 1835.28 12.2
19 7397 6749 17223 16292 1247 1292 1337 13697.41 26.44
20 11608 14651 13653 4309 119 164 209 10542.25 22.65
21 17547 14206 6608 28950 281 326 371 18358.85 32.03
22 8412 2011 22571 2333 294 339 384 14162.66 27.0
23 21385 20338 23262 18544 149 194 239 2596.45 13.12
24 22400 22081 17995 7446 957 1002 1047 15283.56 28.34
25 779 16385 11861 16500 163 208 253 11082.6 23.3
26 23197 24658 10790 29989 -43 2 47 13503.82 26.2
27 14541 24999 6586 26918 169 214 259 8183.19 19.82
28 21967 6354 10213 11763 198 243 288 12938.85 25.53
29 15239 17594 4471 29715 65 110 155 16213.22 29.46
30 23383 23615 8829 9543 696 741 786 20244.51 34.29
31 5049 18975 3213 15979 1269 1314 1359 3513.82 14.22
32 5403 29530 6406 16673 1301 1346 1391 12896.06 25.48
33 10721 19175 2346 23469 -37 8 53 9411.64 21.29
34 6055 21734 14409 6040 860 905 950 17778.95 31.33
35 15205 19827 3426 26100 260 305 350 13345.24 26.01
36 4358 27722 5239 8928 773 818 863 18814.64 32.58
37 6233 13536 2855 1459 16 61 106 12540.53 25.05
38 10834 14069 3812 14887 1382 1427 1472 7069.48 18.48
39 2135 22801 12287 19560 826 871 916 10656.79 22.79
40 3339 25192 5920 17146 160 205 250 8449.83 20.14
41 12972 15001 12629 9104 713 758 803 5906.97 17.09
42 9879 6153 18132 24220 1322 1367 1412 19862.74 33.84
43 181 17104 11259 15851 1290 1335 1380 11148.64 23.38
44 13395 2087 4739 16102 891 936 981 16472.6 29.77
45 7001 14143 22600 17992 963 1008 1053 16066.85 29.28
46 11752 5646 12755 20761 314 359 404 15148.24 28.18
47 4938 21639 19206 21921 1386 1431 1476 14270.79 27.12
48 2761 15391 22746 335 69 114 159 25021.66 40.03
49 1883 5777 13738 12800 -10 35 80 13779.1 26.53
50 19175 135 5921 763 1360 1405 1450 13268.87 25.92
51 8071 393 22700 19129 1379 1424 1469 23770.68 38.52
52 5959 272 7696 18534 16 61 106 18344.42 32.01
53 5167 2356 2397 15470 1360 1405 1450 13403.35 26.08
54 20303 23361 15963 9331 797 842 887 14685.93 27.62
55 9935 15114 9171 22558 300 345 390 7483.1 18.98
56 22776 13129 9425 11160 560 605 650 13495.41 26.19
57 17936 24980 11712 5670 793 838 883 20288.28 34.35
58 13990 8222 2074 4200 -10 35 80 12576.47 25.09
59 22292 27405 15161 27524 237 282 327 7131.99 18.56
60 21573 9765 20940 6320 574 619 664 3502.67 14.2
61 19064 24509 10263 24812 101 146 191 8806.21 20.57
62 875 29576 3139 11286 818 863 908 18429.59 32.12
63 2784 8372 15050 12323 861 906 951 12886.63 25.46
64 3990 25254 17626 6987 1359 1404 1449 22795.26 37.35
65 186 1025 3008 24453 667 712 757 23597.35 38.32
66 19573 24389 2047 19772 1358 1403 1448 18123.94 31.75
67 14038 12512 556 6236 819 864 909 14871.2 27.85
68 17098 23717 21153 1862 588 633 678 22228.0 36.67
69 18238 17820 18395 17051 860 905 950 784.86 10.94
70 11622 221 19963 18647 569 614 659 20225.97 34.27
71 11807 4292 6140 10929 1375 1420 1465 8727.24 20.47
72 7910 8232 11245 9555 301 346 391 3587.83 14.31
73 15286 459 7386 16094 1384 1429 1474 17517.51 31.02
74 9007 14328 8105 17991 297 342 387 3772.42 14.53
75 12065 13218 9088 1458 284 329 374 12130.96 24.56
76 18022 10493 10912 892 643 688 733 11947.02 24.34
77 16788 651 22709 16100 296 341 386 16544.78 29.85
78 21554 15446 11247 29550 1381 1426 1471 17468.75 30.96
79 460 10915 3673 27054 658 703 748 16455.72 29.75
80 13587 6623 18998 19032 1258 1303 1348 13537.44 26.24
81 13863 7742 3384 7818 166 211 256 10479.28 22.58
82 2743 23872 3379 13895 913 958 1003 9997.25 22.0
83 15539 24196 9549 19608 748 793 838 7545.19 19.05
84 9107 23803 21446 11785 1378 1423 1468 17224.5 30.67
85 22175 6239 4981 4067 1221 1266 1311 17330.64 30.8
86 18244 12019 17293 8894 169 214 259 3266.5 13.92
87 8526 10155 21173 15865 1298 1343 1388 13876.26 26.65
88 10882 29098 593 20812 1260 1305 1350 13210.65 25.85
89 18863 26630 5341 10251 1286 1331 1376 21239.49 35.49
90 22583 5590 23809 28091 633 678 723 22534.38 37.04
91 7232 23321 9535 15346 1260 1305 1350 8300.87 19.96
92 16040 670 14853 3869 297 342 387 3412.12 14.09
93 3539 11770 15417 15068 806 851 896 12327.36 24.79
94 5807 23463 298 21510 13 58 103 5844.94 17.01
95 23857 6963 12970 22116 1347 1392 1437 18658.51 32.39
96 21180 2019 6344 9807 725 770 815 16755.89 30.11
97 3648 25890 3605 26367 1259 1304 1349 478.93 10.57
98 20215 26165 17393 16548 1384 1429 1474 10022.49 22.03
99 19946 14936 9237 20198 147 192 237 11931.95 24.32
100 3356 4203 21283 19022 1327 1372 1417 23258.98 37.91
101 8885 19538 4176 1252 1241 1286 1331 18882.6 32.66
102 14487 24287 9542 24804 606 651 696 4971.95 15.97
103 21356 17058 10576 9949 582 627 672 12913.03 25.5
104 16296 11155 6589 153 657 702 747 14672.08 27.61
105 796 13946 21103 20243 1307 1352 1397 21260.91 35.51
106 10407 24156 1795 25494 1316 1361 1406 8715.32 20.46
107 15921 26656 11826 15196 1377 1422 1467 12169.66 24.6
108 16326 17510 21208 4502 615 660 705 13893.96 26.67
109 19397 19787 14424 25790 190 235 280 7795.3 19.35
110 13554 21035 5007 5207 1243 1288 1333 17988.24 31.59
111 2705 18097 11282 11503 697 742 787 10818.77 22.98
112 21944 229 21156 6947 660 705 750 6764.06 18.12
113 4158 4019 21551 11653 1279 1324 1369 18994.59 32.79
114 6791 3944 4264 9050 210 255 300 5697.1 16.84
115 6358 12965 16179 14999 293 338 383 10029.42 22.04
116 11993 601 12742 13349 119 164 209 12769.98 25.32
117 16982 24785 17324 6171 909 954 999 18617.14 32.34
118 20846 29909 13851 21988 257 302 347 10567.51 22.68
119 2692 17799 21112 1609 -31 14 59 24523.71 39.43
120 22170 28743 11768 18548 1241 1286 1331 14565.01 27.48
121 5109 27275 14241 7489 198 243 288 21791.72 36.15
122 14164 29648 3913 5270 4 49 94 26445.6 41.73
123 16798 20061 21169 20903 1374 1419 1464 4451.36 15.34
124 19228 23221 6249 21549 -10 35 80 13086.25 25.7
125 8564 11784 3260 4232 198 243 288 9228.5 21.07
126 21365 28319 17916 19366 282 327 372 9594.36 21.51
127 4564 20263 14730 16227 562 607 652 10937.86 23.13
128 19618 28743 9182 23364 298 343 388 11740.69 24.09
129 8378 3330 21215 12481 17 62 107 15764.81 28.92
130 22311 16123 14568 20315 944 989 1034 8804.94 20.57
131 4826 29622 20005 14182 1262 1307 1352 21651.69 35.98
132 9689 25624 7941 13739 285 330 375 12012.86 24.42
133 23943 2710 21540 28327 942 987 1032 25729.46 40.88
134 12996 17187 13384 7825 1218 1263 1308 9370.04 21.24
135 19081 6151 21640 8456 144 189 234 3444.05 14.13
136 608 128 19357 25069 1273 1318 1363 31202.22 47.44
137 5436 4414 9788 16952 35 80 125 13271.83 25.93
138 15250 8219 15145 19988 141 186 231 11769.47 24.12
139 4440 18973 18532 14300 266 311 356 14846.6 27.82
140 18100 2804 6895 27180 225 270 315 26828.0 42.19
141 3996 9628 16230 26127 167 212 257 20539.91 34.65
142 1347 26098 17663 5629 775 820 865 26176.17 41.41
143 3106 7791 16187 23035 191 236 281 20087.11 34.1
144 12544 22877 7604 28097 849 894 939 7186.93 18.62
145 10333 22786 7413 17356 1295 1340 1385 6165.33 17.4
146 930 26851 8193 4546 204 249 294 23457.71 38.15
147 6746 2023 19222 2902 923 968 1013 12506.93 25.01
148 14275 15690 22013 29041 203 248 293 15431.33 28.52
149 6957 13028 16410 3149 147 192 237 13673.11 26.41
150 18972 2348 11524 12303 1262 1307 1352 12432.81 24.92
151 1215 25919 4627 19060 279 324 369 7660.78 19.19
152 18277 13073 13562 7407 1342 1387 1432 7371.21 18.85
153 1442 17419 23542 3478 578 623 668 26129.7 41.36
154 8665 24794 13559 13687 146 191 236 12137.41 24.56
155 13084 15802 9708 1179 725 770 815 15007.65 28.01
156 17673 8290 17302 1330 92 137 182 6969.88 18.36
157 19484 16970 983 28180 141 186 231 21632.18 35.96
158 23200 15349 10167 3940 1344 1389 1434 17321.21 30.79
159 8422 16932 7493 26800 787 832 877 9911.63 21.89
160 9084 1257 1181 6433 1364 1409 1454 9447.14 21.34
161 12372 8895 16676 3128 914 959 1004 7196.02 18.64
162 16096 153 7802 18396 687 732 777 20039.9 34.05
163 13354 1012 16198 29252 802 847 892 28382.85 44.06
164 1407 22591 17251 27716 713 758 803 16652.27 29.98
165 360 27074 13515 28644 574 619 664 13248.36 25.9
166 16577 1102 10230 27603 1349 1394 1439 27250.46 42.7
167 3516 28523 6212 23988 660 705 750 5275.85 16.33
168 3628 21515 20563 2449 1224 1269 1314 25501.11 40.6
169 6812 4373 21091 1449 636 681 726 14575.31 27.49
170 12229 21106 13935 2918 879 924 969 18267.83 31.92
171 2549 10257 18606 20570 907 952 997 19083.64 32.9
172 8126 25423 13811 12105 1351 1396 1441 14480.62 27.38
173 1240 15473 17768 11777 244 289 334 16936.21 30.32
174 19965 4894 7763 27736 817 862 907 25896.83 41.08
175 12742 6902 17360 9492 107 152 197 5294.72 16.35
176 8621 11982 21870 18110 229 274 319 14597.55 27.52
177 18349 26880 335 24078 735 780 825 18230.62 31.88
178 3405 4768 13447 29470 -2 43 88 26665.16 42.0
179 7439 1291 3822 2909 229 274 319 3962.4 14.75
180 7436 27782 12703 26672 28 73 118 5382.69 16.46
181 21012 1457 18532 20426 97 142 187 19130.43 32.96
182 23077 13713 6338 6561 1394 1439 1484 18202.89 31.84
183 5963 15864 22070 4583 1350 1395 1440 19664.6 33.6
184 14405 23221 1373 12417 968 1013 1058 16928.07 30.31
185 12908 24221 16814 13017 205 250 295 11865.35 24.24
186 1950 11393 20476 17583 839 884 929 19532.76 33.44
187 780 10232 12202 11704 171 216 261 11516.46 23.82
188 23726 6716 19333 27410 198 243 288 21155.14 35.39
189 19817 6737 2527 28781 1320 1365 1410 28015.75 43.62
190 4730 8300 1815 2841 1235 1280 1325 6188.53 17.43
191 17786 19108 8357 7998 39 84 129 14571.83 27.49
192 2961 28947 6027 28977 756 801 846 3066.15 13.68
193 18633 26623 14883 1916 854 899 944 24989.96 39.99
194 7818 967 23804 12336 313 358 403 19616.48 33.54
195 8470 18993 17217 27043 1270 1315 1360 11887.49 24.26
196 10594 12231 15707 15043 832 877 922 5835.25 17.0
197 22100 1383 5769 2714 1228 1273 1318 16385.15 29.66
198 23078 1997 13892 25167 1233 1278 1323 24924.52 39.91
199 888 24456 451 1303 -10 35 80 23157.12 37.79
200 20935 10085 16239 9662 577 622 667 4715.01 15.66
201 23645 13099 3004 10329 38 83 128 20826.04 34.99
202 19902 4698 6988 24968 1333 1378 1423 24034.23 38.84
203 2703 24200 13373 22346 578 623 668 10829.88 23.0
204 10046 18599 9521 3327 1247 1292 1337 15281.02 28.34
205 11467 6444 7860 26923 196 241 286 20794.23 34.95
206 4234 18901 22354 4879 910 955 1000 22911.81 37.49
207 7119 14526 17073 7092 10 55 100 12423.63 24.91
208 11016 9761 6721 19597 594 639 684 10732.84 22.88
209 15973 22501 16827 15 1385 1430 1475 22502.21 37.0
210 16842 21951 1533 23704 162 207 252 15409.04 28.49
211 4122 21515 18352 6788 1392 1437 1482 20478.71 34.57
212 17137 2292 18521 8904 871 916 961 6755.29 18.11
213 11160 4967 22602 4427 84 129 174 11454.74 23.75
214 14243 27311 10975 16228 1303 1348 1393 11554.77 23.87
215 11672 15404 22280 28288 251 296 341 16689.13 30.03
216 154 8933 10363 18905 237 282 327 14271.11 27.13
217 18357 23973 1492 9897 1288 1333 1378 21967.29 36.36
218 22444 27528 21009 21232 190 235 280 6457.46 17.75
219 10680 25417 6207 7057 1264 1309 1354 18897.02 32.68
220 12069 15250 2817 16968 1306 1351 1396 9410.16 21.29
221 13488 4634 15674 17809 1281 1326 1371 13355.12 26.03
222 10546 6882 16930 26078 1309 1354 1399 20229.73 34.28
223 15276 26958 11925 17761 1248 1293 1338 9788.46 21.75
224 432 20687 8634 3923 1250 1295 1340 18662.92 32.4
225 19661 11251 6654 9083 1354 1399 1444 13186.44 25.82
226 5799 29066 79 15906 74 119 164 14349.36 27.22
227 2050 22390 17942 7610 700 745 790 21702.63 36.04
228 10892 7395 18464 14635 222 267 312 10476.3 22.57
229 12941 21101 18718 16556 956 1001 1046 7350.56 18.82
230 12229 17505 594 13082 1257 1302 1347 12447.34 24.94
231 2530 249 20064 21813 31 76 121 27792.94 43.35
232 21834 11569 18927 6208 99 144 189 6098.44 17.32
233 11119 19434 23617 14971 1296 1341 1386 13270.96 25.93
234 9181 7549 6598 1463 844 889 934 6611.45 17.93
235 19301 22614 21317 16726 36 81 126 6223.57 17.47
236 10914 22952 16385 10508 1329 1374 1419 13593.56 26.31
237 23790 12430 8516 20911 806 851 896 17470.62 30.96
238 18497 20375 3886 29739 747 792 837 17354.13 30.82
239 23760 25974 8840 6803 690 735 780 24292.67 39.15
240 6181 19500 16223 6421 767 812 857 16489.45 29.79
241 10691 17695 7964 22186 1292 1337 1382 5254.1 16.3
242 20403 11434 23630 11197 886 931 976 3235.69 13.88
243 19451 24893 13862 26741 87 132 177 5886.6 17.06
244 20878 6087 14826 4598 910 955 1000 6232.48 17.48
245 15526 23234 19374 20285 1253 1298 1343 4848.06 15.82
246 15269 17059 1272 3894 1269 1314 1359 19215.44 33.06
247 79 3676 1214 5892 1276 1321 1366 2489.76 12.99
248 2452 251 4731 6848 676 721 766 6979.56 18.38
249 13884 12634 23389 9613 40 85 130 9973.54 21.97
250 1468 26109 22996 12095 199 244 289 25687.49 40.82
251 16357 28037 83 21552 1153 1198 1243 17518.51 31.02
252 7201 13076 11471 27253 1071 1116 1161 14806.09 27.77
253 16201 23887 19009 4759 510 555 600 19333.01 33.2
254 16769 11587 20550 26931 454 499 544 15802.98 28.96
255 12685 4321 656 23765 1181 1226 1271 22864.08 37.44
256 26 20146 19498 6799 1202 1247 1292 23607.23 38.33
257 71 18814 13120 1904 457 502 547 21359.41 35.63
258 18632 4046 14986 16257 323 368 413 12743.7 25.29
259 10192 19004 6840 8655 985 1030 1075 10878.31 23.05
260 23523 27276 1801 5256 540 585 630 30930.98 47.12
261 1185 14890 20257 4044 529 574 619 21940.3 36.33
262 17991 26125 1698 5730 400 445 490 26103.98 41.32
263 18972 15022 9997 9152 994 1039 1084 10724.16 22.87
264 14380 16058 16982 19465 509 554 599 4286.96 15.14
265 15349 992 1768 11020 1166 1211 1256 16882.07 30.26
266 1681 13754 19628 25055 1118 1163 1208 21208.66 35.45
267 3969 2520 426 25748 387 432 477 23496.66 38.2
268 4339 13995 12364 23710 354 399 444 12600.87 25.12
269 18099 2092 10517 25096 489 534 579 24221.29 39.07
270 5457 22506 5924 15517 367 412 457 7004.58 18.41
271 22414 16232 2546 4565 364 409 454 23040.32 37.65
272 23365 26172 7069 22909 1080 1125 1170 16619.47 29.94
273 5394 22958 22891 20938 1147 1192 1237 17613.22 31.14
274 17834 6213 11310 22390 1044 1089 1134 17442.99 30.93
275 19937 5350 9836 2806 1091 1136 1181 10416.44 22.5
276 11599 4394 13202 24779 418 463 508 20447.93 34.54
277 18288 26167 4384 1782 1164 1209 1254 28070.44 43.68
278 21096 15620 10093 14959 398 443 488 11022.84 23.23
279 6266 13478 747 7498 518 563 608 8137.55 19.77
280 6842 25549 19251 1812 515 560 605 26784.85 42.14
281 6799 9635 4165 12155 997 1042 1087 3645.32 14.37
282 20996 15536 20802 29855 1061 1106 1151 14320.31 27.18
283 14330 27432 6479 23902 1019 1064 1109 8608.08 20.33
284 12246 9966 785 10640 449 494 539 11480.8 23.78
285 10258 27570 15758 10562 996 1041 1086 17875.18 31.45
286 9570 22388 17564 4461 1021 1066 1111 19628.59 33.55
287 22292 17487 4479 8968 1094 1139 1184 19745.29 33.69
288 10475 3196 14522 27555 1077 1122 1167 24692.9 39.63
289 3129 27263 12283 28199 382 427 472 9201.73 21.04
290 21519 14968 4124 20878 437 482 527 18371.56 32.05
291 4697 29277 16000 26665 1169 1214 1259 11600.88 23.92
292 6718 18530 10603 12725 1113 1158 1203 6985.07 18.38
293 22024 7028 8261 14505 398 443 488 15662.88 28.8
294 1346 29973 23667 18484 1170 1215 1260 25104.27 40.13
295 9877 18698 4033 24016 317 362 407 7901.48 19.48
296 2983 1602 10493 14064 487 532 577 14549.97 27.46
297 6461 10445 2505 4628 1114 1159 1204 7034.73 18.44
298 6154 12510 17289 9306 1117 1162 1207 11586.8 23.9
299 13410 29331 18279 27058 1185 1230 1275 5373.42 16.45
300 472 8863 2516 17688 1100 1145 1190 9058.62 20.87
301 23861 9182 4666 3809 499 544 589 19932.82 33.92
302 12000 26555 14766 16409 520 565 610 10516.28 22.62
303 21456 15174 16748 13560 1047 1092 1137 4976.97 15.97
304 1627 9487 10469 25329 471 516 561 18142.49 31.77
305 3880 2195 5846 14912 377 422 467 12868.07 25.44
306 2766 17972 18145 20203 1138 1183 1228 15539.98 28.65
307 20061 158 9183 9144 989 1034 1079 14109.54 26.93
308 22274 21549 11997 24413 1171 1216 1261 10668.61 22.8
309 20284 2018 18170 29143 1109 1154 1199 27207.25 42.65
310 6356 2147 6437 25979 1055 1100 1145 23832.14 38.6
311 15459 24606 11529 18943 1052 1097 1142 6893.07 18.27
312 15106 18397 23919 20526 1140 1185 1230 9066.51 20.88
313 7946 11352 16383 16927 1141 1186 1231 10112.55 22.14
314 18451 27958 18252 16385 1065 1110 1155 11574.71 23.89
315 5944 26291 11520 2985 1157 1202 1247 23963.75 38.76
316 21250 29217 14147 3142 424 469 514 27025.14 42.43
317 2579 9279 21820 3275 1199 1244 1289 20155.99 34.19
318 13826 23861 12377 28230 356 401 446 4603.02 15.52
319 15750 19697 5411 11448 1080 1125 1170 13226.52 25.87
320 21143 4590 14619 25670 1131 1176 1221 22066.47 36.48
321 19964 18191 5192 23925 1037 1082 1127 15845.84 29.02
322 3008 17253 19043 7623 367 412 457 18704.49 32.45
323 17150 28223 18140 15566 990 1035 1080 12695.66 25.23
324 6346 20542 21198 12516 425 470 515 16881.9 30.26
325 12145 24466 23405 23828 1011 1056 1101 11278.06 23.53
326 23327 13369 603 23062 528 573 618 24704.95 39.65
327 15251 15024 21497 2185 1152 1197 1242 14277.69 27.13
328 20594 9132 15208 13363 1023 1068 1113 6849.11 18.22
329 21878 16767 18231 29850 498 543 588 13581.81 26.3
330 3926 7383 11029 24459 392 437 482 18494.39 32.19
331 6610 8846 9928 19064 1200 1245 1290 10743.21 22.89
332 13429 4704 13398 4962 1101 1146 1191 259.86 10.31
333 6764 13504 22618 21411 523 568 613 17716.38 31.26
334 825 18172 8980 4599 356 401 446 15834.47 29.0
335 9208 7064 9039 19749 397 442 487 12686.13 25.22
336 15343 18861 7140 6451 1074 1119 1164 14876.06 27.85
337 8685 20682 10743 16076 1092 1137 1182 5044.86 16.05
338 17341 7402 23964 11010 1150 1195 1240 7542.0 19.05
339 13423 21463 17769 1239 1214 1259 1304 20685.69 34.82
340 22819 2088 17289 27176 1127 1172 1217 25690.24 40.83
341 16682 24254 15965 7133 988 1033 1078 17136.01 30.56
342 21372 2507 4849 28904 409 454 499 31141.79 47.37
343 1650 19756 4904 19113 356 401 446 3316.92 13.98
344 16824 8025 9695 21058 1112 1157 1202 14855.36 27.83
345 7257 26223 2823 25355 403 448 493 4518.16 15.42
346 790 10962 21201 8060 316 361 406 20616.27 34.74
347 2436 29802 4707 26798 1092 1137 1182 3765.83 14.52
348 19311 22689 22281 5749 1134 1179 1224 17198.39 30.64
349 5821 24547 22257 14030 484 529 574 19512.8 33.42
350 5491 6056 15409 7404 984 1029 1074 10009.19 22.01
351 18130 19397 2098 5030 1139 1184 1229 21527.56 35.83
352 15776 18785 11554 25662 1093 1138 1183 8069.6 19.68
353 6945 5462 18863 21856 368 413 458 20268.25 34.32
354 3313 4536 23490 11462 1074 1119 1164 21332.62 35.6
355 11242 25499 2278 24535 319 364 409 9015.69 20.82
356 12996 1107 20389 5310 992 1037 1082 8504.21 20.21
357 1682 19469 15391 25112 994 1039 1084 14824.98 27.79
358 17418 8056 19866 11644 468 513 558 4343.55 15.21
359 427 14471 19089 8656 322 367 412 19546.98 33.46
360 7937 18021 16618 27401 1195 1240 1285 12780.62 25.34
361 10758 24746 12819 7653 979 1024 1069 17216.8 30.66
362 16487 13097 13610 19494 1003 1048 1093 7014.18 18.42
363 20170 11195 17085 1846 1108 1153 1198 9844.85 21.81
364 17622 27779 5762 943 1004 1049 1094 29339.91 45.21
365 18137 17926 13927 28885 1094 1139 1184 11739.84 24.09
366 10137 6934 21240 5814 1213 1258 1303 11159.35 23.39
367 6544 27824 13092 21006 1086 1131 1176 9453.12 21.34
368 22081 10001 10169 2331 1206 1251 1296 14167.73 27.0
369 2673 17765 900 22976 336 381 426 5504.37 16.61
370 4014 26892 9971 12030 329 374 419 16011.4 29.21
371 23058 13732 10652 7503 978 1023 1068 13881.98 26.66
372 17729 9270 5313 4266 1105 1150 1195 13386.45 26.06
373 3281 3877 1321 23803 522 567 612 20022.16 34.03
374 12696 8380 18859 3152 531 576 621 8081.74 19.7
375 10885 3273 22049 8072 1160 1205 1250 12151.76 24.58
376 247 4352 16341 24913 1142 1187 1232 26110.76 41.33
377 8466 27568 17518 4377 1133 1178 1223 24895.0 39.87
378 5723 6807 18559 13711 978 1023 1068 14574.91 27.49
379 21079 17670 19869 6006 1035 1080 1125 11726.59 24.07
380 23821 28573 3355 27393 1185 1230 1275 20499.99 34.6
381 8731 20502 12537 23011 1143 1188 1233 4558.59 15.47
382 8361 5596 10358 29694 536 581 626 24180.6 39.02
383 22349 17027 10478 8140 1190 1235 1280 14829.01 27.79
384 18536 26898 21532 20588 1052 1097 1142 6985.14 18.38
385 1712 23768 21240 28760 1148 1193 1238 20155.96 34.19
386 9107 463 22604 13492 453 498 543 18759.63 32.51
387 22964 1811 19309 6892 982 1027 1072 6259.04 17.51
388 20164 24164 8341 286 359 404 449 26644.74 41.97
389 10435 19437 7192 19068 1159 1204 1249 3263.93 13.92
390 9386 130 12643 1654 1030 1075 1120 3595.92 14.32
391 10612 6896 16905 18744 1211 1256 1301 13415.55 26.1
392 15738 15637 14389 4518 1123 1168 1213 11200.53 23.44
393 9417 9103 20801 17104 319 364 409 13914.43 26.7
394 23612 2718 16388 12695 344 389 434 12317.74 24.78
395 6276 10692 3695 21296 1122 1167 1212 10913.59 23.1
396 9357 11890 15977 8247 402 447 492 7556.18 19.07
397 8351 6233 4560 374 1082 1127 1172 6978.51 18.37
398 22176 9287 17829 6006 1189 1234 1279 5446.23 16.54
399 7421 14883 23576 18660 1024 1069 1114 16590.65 29.91
400 19447 24514 10205 7803 496 541 586 19096.39 32.92
401 14659 13763 7443 27027 1157 1202 1247 15099.81 28.12
402 21720 28792 13757 5262 1091 1136 1181 24840.9 39.81
403 19737 28994 19078 14672 1077 1122 1167 14337.15 27.2
404 11898 18213 11043 12959 1001 1046 1091 5323.11 16.39
405 1157 9422 787 842 977 1022 1067 8587.97 20.31
406 22105 23860 13537 3815 1179 1224 1269 21799.37 36.16
407 23311 4432 16234 2694 1180 1225 1270 7287.29 18.74
408 8509 1101 9332 1701 494 539 584 1018.49 11.22
409 20971 20731 18560 2305 534 579 624 18583.07 32.3
410 11542 19954 14160 2594 485 530 575 17556.3 31.07
411 134 13118 14249 17181 1064 1109 1154 14688.13 27.63
412 19347 12180 6786 11891 486 531 576 12564.32 25.08
413 18502 21778 22549 325 421 466 511 21831.39 36.2
414 15735 8849 6687 26021 1136 1181 1226 19409.89 33.29
415 16173 4535 14603 20368 409 454 499 15910.65 29.09
416 17807 27147 8376 8056 353 398 443 21293.43 35.55
417 4358 807 21630 2168 1203 1248 1293 17325.54 30.79
418 13204 16519 20854 25858 1092 1137 1182 12072.26 24.49
419 12 10720 11015 15695 490 535 580 12075.46 24.49
420 17223 23099 21412 21565 389 434 479 4461.04 15.35
421 9075 7888 1989 16478 985 1030 1075 11135.51 23.36
422 5738 9515 805 10177 448 493 538 4977.22 15.97
423 17715 19215 687 26383 1098 1143 1188 18475.2 32.17
424 17456 21371 17850 26263 976 1021 1066 4907.84 15.89
425 8217 18944 20105 23898 452 497 542 12878.92 25.45
426 4195 5362 13522 3420 333 378 423 9527.03 21.43
427 11981 9649 3356 55 545 590 635 12900.99 25.48
428 20108 20759 21053 14532 412 457 502 6298.3 17.56
429 11894 28162 5783 15296 472 517 562 14243.53 27.09
430 7275 9910 1977 21017 330 375 420 12305.86 24.77
431 8661 23834 12935 17254 462 507 552 7846.24 19.42
432 18681 28550 12102 4759 1074 1119 1164 24683.9 39.62
433 12462 7390 21227 6631 519 564 609 8797.8 20.56
434 1555 16993 14778 6323 444 489 534 16991.07 30.39
435 12646 2000 2089 28564 1132 1177 1222 28584.9 44.3
436 4573 10397 1034 706 1197 1242 1287 10316.98 22.38
437 17317 13440 14423 21292 990 1035 1080 8368.34 20.04
438 18555 18960 7978 11671 401 446 491 12845.33 25.41
439 516 3735 1468 15995 550 595 640 12296.91 24.76
440 13473 29951 2676 23741 405 450 495 12455.49 24.95
441 18750 1291 2119 22748 1197 1242 1287 27147.62 42.58
442 1075 6243 9714 15863 1091 1136 1181 12929.68 25.52
443 20170 6602 448 4483 1055 1100 1145 19835.51 33.8
444 4327 3585 22533 29830 472 517 562 31941.48 48.33
445 13365 21950 2754 29381 363 408 453 12954.27 25.55
446 9416 29326 20828 14821 1163 1208 1253 18456.13 32.15
447 5478 14811 13211 24791 1196 1241 1286 12625.36 25.15
448 3531 15696 10272 21603 1195 1240 1285 8962.91 20.76
449 9617 15940 14903 19040 494 539 584 6127.95 17.35
450 9979 8426 21677 3560 482 527 572 12669.69 25.2
451 22415 15675 21416 10900 1024 1069 1114 4878.38 15.85
452 8667 26328 20713 8811 1138 1183 1228 21259.15 35.51
453 9529 21282 688 1764 518 563 608 21426.98 35.71
454 10677 7600 6889 3869 520 565 610 5316.89 16.38
455 19327 15424 7794 26468 450 495 540 15968.09 29.16
456 10147 8630 15914 1572 978 1023 1068 9114.47 20.94
457 8634 22163 13742 377 370 415 460 22376.81 36.85
458 15406 28895 4798 13969 1064 1109 1154 18311.61 31.97
459 8809 20610 14406 8723 382 427 472 13138.77 25.77
460 22807 25536 6673 18368 1021 1066 1111 17654.64 31.19
461 3536 8658 20219 11632 1193 1238 1283 16946.01 30.34
462 13755 8627 9332 1696 426 471 516 8222.02 19.87
463 13449 15397 10696 26685 1197 1242 1287 11618.86 23.94
464 20763 13566 3469 12635 1146 1191 1236 17319.04 30.78
465 2762 10729 5632 3063 424 469 514 8185.62 19.82
466 23151 9485 350 1711 329 374 419 24089.85 38.91
467 6575 25436 22487 29900 1037 1082 1127 16526.31 29.83
468 3131 6351 4656 26563 317 362 407 20269.45 34.32
469 1578 19967 3064 7535 1034 1079 1124 12520.5 25.02
470 7567 13918 485 9410 1109 1154 1199 8395.05 20.07
471 18382 2793 21193 4023 517 562 607 3068.33 13.68
472 7692 29345 23904 4784 1060 1105 1150 29429.1 45.31
473 3831 9298 15563 10856 1029 1074 1119 11835.0 24.2
474 22834 24768 20304 20081 320 365 410 5326.24 16.39
475 22946 27505 10844 9511 526 571 616 21685.07 36.02
476 16278 24551 10553 18590 1066 1111 1156 8264.93 19.92
477 1656 16666 1168 17967 1192 1237 1282 1389.51 11.67
478 3399 25146 6494 1850 519 564 609 23500.69 38.2
479 15999 20151 8046 224 409 454 499 21455.43 35.75
480 8878 9698 3506 14532 1181 1226 1271 7226.75 18.67
481 12138 11622 19899 4495 415 460 505 10536.95 22.64
482 14917 1824 17322 1514 464 509 554 2424.9 12.91
483 8725 14920 1706 6444 485 530 575 11004.95 23.21
484 22119 15704 21865 12514 1131 1176 1221 3200.1 13.84
485 10730 20685 16385 10905 449 494 539 11297.23 23.56
486 13029 231 10693 465 414 459 504 2347.69 12.82
487 18384 42 2451 13080 461 506 551 20587.62 34.71
488 3118 9426 10845 1461 373 418 463 11097.2 23.32
489 20419 9644 22944 18057 1212 1257 1302 8783.75 20.54
490 8094 13505 21028 7826 446 491 536 14125.84 26.95
491 5771 5940 13216 17404 1126 1171 1216 13669.36 26.4
492 22734 13870 18342 28698 1059 1104 1149 15464.77 28.56
493 9822 23101 13257 7412 395 440 485 16060.63 29.27
494 9962 18036 17460 8518 449 494 539 12116.61 24.54
495 6954 22637 10359 28527 1122 1167 1212 6803.39 18.16
496 22593 26385 6155 97 1099 1144 1189 31004.3 47.21
497 15427 27954 19422 22125 1170 1215 1260 7066.63 18.48
498 9730 28429 19110 6137 520 565 610 24185.07 39.02
499 16315 802 20432 7810 469 514 559 8127.84 19.75
500 11822 7957 3040 23687 483 528 573 18015.45 31.62
