50 3
12000 15000
1 15987 12439 23744 6157 1387 1432 1477 9981.71 21.98
2 6024 24828 2648 9422 645 690 735 15771.56 28.93
3 586 14029 6977 6657 1351 1396 1441 9756.6 21.71
4 5768 20826 14776 21684 285 330 375 9048.77 20.86
5 547 12099 23359 6276 887 932 977 23543.46 38.25
6 18349 16641 20462 7266 -16 29 74 9610.17 21.53
7 13038 12863 10576 10669 1255 1300 1345 3297.74 13.96
8 5689 21906 17876 19080 1274 1319 1364 12510.37 25.01
9 6672 7674 1504 2403 93 138 183 7381.85 18.86
10 4901 29145 6569 1017 1231 1276 1321 28177.41 43.81
11 4941 13080 15598 27551 1270 1315 1360 17971.69 31.57
12 5972 23842 2471 11998 1338 1383 1428 12350.6 24.82
13 9524 6244 14425 29072 1349 1394 1439 23348.18 38.02
14 6006 3511 4538 29033 818 863 908 25564.18 40.68
15 5836 1717 6743 22185 88 133 178 20488.09 34.59
16 225 17705 2817 15913 1379 1424 1469 3151.15 13.78
17 22112 7975 14855 4541 93 138 183 8028.47 19.63
18 14950 11535 18045 12121 1236 1281 1326 3149.99 13.78
19 14216 14336 18772 11376 922 967 1012 5433.11 16.52
20 20754 7348 8528 21725 -15 30 75 18872.55 32.65
21 1977 18304 12208 24857 824 869 914 12149.7 24.58
22 13709 6653 20852 1367 1298 1343 1388 8886.18 20.66
23 11233 16050 19012 14875 1224 1269 1314 7867.24 19.44
24 18716 28710 16155 26964 713 758 803 3099.55 13.72
25 15943 28655 10601 25518 1359 1404 1449 6194.98 17.43
26 4308 23370 13649 1259 1026 1071 1116 24003.14 38.8
27 4202 26062 14912 6530 1103 1148 1193 22275.62 36.73
28 3957 20945 10567 25570 487 532 577 8067.39 19.68
29 17672 9846 20366 12066 378 423 468 3490.85 14.19
30 20681 12664 21807 22365 976 1021 1066 9766.13 21.72
31 401 710 12919 12051 513 558 603 16891.38 30.27
32 20891 7376 13445 6782 367 412 457 7469.66 18.96
33 14243 2980 18593 29499 362 407 452 26873.4 42.25
34 7522 6682 7175 23661 542 587 632 16982.55 30.38
35 6939 6646 9224 12096 1127 1172 1217 5909.63 17.09
36 6557 16478 7722 2512 980 1025 1070 14014.51 26.82
37 7634 2235 21323 8786 443 488 533 15175.78 28.21
38 12790 162 8750 152 1198 1243 1288 4040.01 14.85
39 6631 27370 8619 27012 1063 1108 1153 2019.98 12.42
40 6829 9057 15531 12738 485 530 575 9448.52 21.34
41 21053 19991 6843 26622 1022 1067 1112 15681.02 28.82
42 8149 6734 22284 14834 409 454 499 16291.35 29.55
43 17874 16698 16044 19924 987 1032 1077 3708.9 14.45
44 21011 11632 16873 13282 1073 1118 1163 4454.83 15.35
45 2572 14803 3552 5819 332 377 422 9037.29 20.84
46 19286 24465 17856 25553 396 441 486 1796.84 12.16
47 14342 16369 7620 19264 521 566 611 7318.9 18.78
48 10441 2142 2457 11064 1032 1077 1122 11972.73 24.37
49 17420 17338 3934 3036 549 594 639 19657.55 33.59
50 361 28958 13164 15367 411 456 501 18671.69 32.41
