80 4
12000 15000
1 23391 19948 4914 6390 1394 1439 1484 22917.65 37.5
2 17224 1314 21363 17184 -25 20 65 16400.86 29.68
3 12348 24322 22627 5013 1230 1275 1320 21874.54 36.25
4 23371 3047 13483 22587 617 662 707 21899.41 36.28
5 21667 12316 8315 15727 1253 1298 1343 13780.81 26.54
6 23007 29816 19903 621 867 912 957 29359.54 45.23
7 610 6527 12409 14353 1338 1383 1428 14158.48 26.99
8 13070 16546 19341 4579 599 644 689 13510.53 26.21
9 9041 20813 19574 18518 934 979 1024 10780.13 22.94
10 23777 5286 20935 2864 1336 1381 1426 3734.04 14.48
11 5611 11782 16121 4246 262 307 352 12932.57 25.52
12 22357 5589 4703 10567 1312 1357 1402 18342.42 32.01
13 21729 29699 6641 29026 145 190 235 15103.0 28.12
14 1763 19415 6540 12819 859 904 949 8144.14 19.77
15 21837 4600 3707 12292 806 851 896 19694.26 33.63
16 3093 13475 12217 9148 -27 18 63 10098.03 22.12
17 5702 15427 7603 28370 1217 1262 1307 13081.86 25.7
18 14487 10248 9236 9290 225 270 315 5337.67 16.41
19 22520 29700 18674 20214 118 163 208 10236.01 22.28
20 4311 25693 11833 740 951 996 1041 26062.09 41.27
21 11046 4140 6603 26288 1393 1438 1483 22589.25 37.11
22 15575 12617 12556 8707 12 57 102 4939.88 15.93
23 6864 26596 1930 10702 104 149 194 16642.22 29.97
24 118 9508 17640 13219 613 658 703 17910.67 31.49
25 19596 18132 22197 12140 281 326 371 6532.17 17.84
26 4777 5580 6127 26768 36 81 126 21230.96 35.48
27 20972 3751 2282 18715 612 657 702 23942.38 38.73
28 17316 9182 14488 26239 1346 1391 1436 17289.85 30.75
29 14949 18106 17365 16568 1321 1366 1411 2864.0 13.44
30 18081 6821 15882 21109 145 190 235 14456.23 27.35
31 5897 25256 5414 12074 720 765 810 13190.85 25.83
32 13156 2421 1717 313 -43 2 47 11631.61 23.96
33 18281 23801 5479 17521 1356 1401 1446 14259.37 27.11
34 13283 23342 16802 14471 313 358 403 9543.48 21.45
35 3059 19976 22798 15543 1373 1418 1463 20230.66 34.28
36 7278 21531 21728 27090 266 311 356 15482.41 28.58
37 13754 23260 8744 1231 165 210 255 22591.52 37.11
38 18241 19708 16339 19828 733 778 823 1905.78 12.29
39 23847 4392 13694 23623 781 826 871 21746.6 36.1
40 13959 5745 740 1294 756 801 846 13948.24 26.74
41 21785 18317 2663 5146 1111 1156 1201 23219.09 37.86
42 22282 29131 22280 19835 1017 1062 1107 9296.0 21.16
43 22555 8383 16782 19441 1126 1171 1216 12474.25 24.97
44 6304 14565 18389 22907 386 431 476 14684.56 27.62
45 560 16347 3758 28432 374 419 464 12500.98 25.0
46 16974 17498 931 25325 1162 1207 1252 17850.48 31.42
47 16797 8663 2698 16309 350 395 440 16038.8 29.25
48 10189 6071 5493 23491 1199 1244 1289 18041.86 31.65
49 8505 18997 2397 9139 429 474 519 11596.89 23.92
50 21571 26971 11189 10426 1118 1163 1208 19532.61 33.44
51 16515 3944 4187 23664 432 477 522 23256.35 37.91
52 15013 25225 15061 13074 1021 1066 1111 12151.09 24.58
53 16141 9675 17416 27286 357 402 447 17657.09 31.19
54 18956 27537 10382 20694 978 1023 1068 10969.96 23.16
55 18511 28019 5408 1053 403 448 493 29980.89 45.98
56 18484 29390 12915 2773 403 448 493 27193.35 42.63
57 9137 21017 20494 27159 366 411 456 12911.45 25.49
58 3906 21821 0 18300 433 478 523 5258.73 16.31
59 8086 11828 7988 14181 498 543 588 2355.04 12.83
60 13509 12100 2264 18048 1013 1058 1103 12721.19 25.27
61 6137 3031 16444 16730 1104 1149 1194 17143.42 30.57
62 7012 2507 8132 7415 1018 1063 1108 5034.17 16.04
63 20308 8324 20734 26039 1131 1176 1221 17720.12 31.26
64 15773 14387 20129 6494 1159 1204 1249 9015.22 20.82
65 23594 4520 2293 10986 990 1035 1080 22260.77 36.71
66 7218 24039 13579 14554 369 414 459 11420.49 23.7
67 14719 25069 9671 12188 1170 1215 1260 13834.83 26.6
68 18134 21898 18948 23166 990 1035 1080 1506.79 11.81
69 18375 24389 368 14924 1018 1063 1108 20343.02 34.41
70 15091 6463 5989 26008 429 474 519 21560.46 35.87
71 9126 25356 2969 20099 1083 1128 1173 8095.97 19.72
72 14717 28696 3524 15939 491 536 581 16971.28 30.37
73 13219 24906 19047 1554 431 476 521 24068.27 38.88
74 21381 10759 12198 8042 1189 1234 1279 9576.51 21.49
75 23550 1769 8363 23156 463 508 553 26230.68 41.48
76 11070 16760 981 6441 1182 1227 1272 14431.55 27.32
77 8057 163 17328 28648 531 576 621 29955.75 45.95
78 19748 24352 14617 14292 330 375 420 11292.95 23.55
79 2771 2034 12844 19504 1127 1172 1217 20165.97 34.2
80 534 20593 21580 2264 534 579 624 27908.54 43.49
