10 2
12000 15000
1 663 17924 23849 15206 854 899 944 23344.77 38.01
2 13088 13262 17976 5084 659 704 749 9527.45 21.43
3 4461 23178 11097 12374 1328 1373 1418 12679.23 25.22
4 16846 19198 14253 29799 802 847 892 10913.52 23.1
5 18411 21585 22148 11663 577 622 667 10602.42 22.72
6 18915 2313 18096 8529 1199 1244 1289 6269.72 17.52
7 10193 14340 1713 19006 1113 1158 1203 9678.94 21.61
8 3859 1494 12011 28730 409 454 499 28429.82 44.12
9 1549 11181 10513 26802 1205 1250 1295 18010.25 31.61
10 22935 4492 11596 23230 462 507 552 21901.73 36.28
